# Title:21-mer spectra for: m84168_260317_052632_s4.fastq.gz
# XLabel:21-mer frequency
# YLabel:# distinct 21-mers
# Kmer value:21
# Input 1:/bucket/RavasiU/Roger/mosquito_project/00_Raw_data/ID1082_Mosquitofish_PBHiFi/hifi_reads/m84168_260317_052632_s4.fastq.gz
###
1 1352566084
2 204617701
3 61493066
4 24847865
5 12149453
6 6792003
7 4199774
8 2773998
9 1925701
10 1386939
11 1027888
12 775561
13 592136
14 462003
15 362698
16 290235
17 238611
18 202384
19 170586
20 149477
21 136527
22 127333
23 125511
24 120047
25 118771
26 124735
27 131392
28 139532
29 150025
30 160882
31 173261
32 185146
33 199375
34 220163
35 241854
36 272915
37 309798
38 339669
39 382439
40 427051
41 473626
42 527631
43 578463
44 635023
45 697635
46 772279
47 848404
48 930452
49 1020477
50 1106944
51 1190938
52 1278114
53 1371390
54 1461745
55 1533970
56 1596252
57 1656907
58 1712739
59 1749779
60 1781412
61 1809695
62 1829977
63 1824284
64 1834412
65 1834508
66 1828514
67 1800805
68 1767939
69 1750565
70 1727834
71 1710631
72 1692691
73 1690454
74 1689618
75 1698782
76 1706059
77 1723124
78 1742525
79 1769286
80 1805952
81 1846032
82 1912426
83 1994559
84 2084778
85 2185990
86 2292342
87 2404244
88 2526349
89 2677752
90 2849786
91 3028104
92 3230017
93 3445395
94 3678617
95 3936279
96 4202841
97 4490147
98 4777747
99 5107725
100 5446468
101 5794237
102 6157247
103 6536006
104 6890804
105 7262953
106 7623922
107 7989855
108 8355947
109 8690987
110 9036589
111 9375940
112 9679534
113 9993012
114 10309668
115 10589522
116 10854473
117 11117160
118 11350868
119 11549962
120 11716919
121 11816938
122 11891677
123 11914330
124 11898402
125 11850870
126 11735975
127 11568220
128 11386674
129 11170240
130 10945754
131 10671966
132 10360874
133 10043377
134 9684481
135 9291359
136 8888513
137 8454054
138 8049525
139 7613906
140 7229594
141 6817731
142 6391773
143 5986533
144 5584100
145 5181672
146 4787158
147 4429255
148 4080389
149 3747846
150 3442522
151 3145472
152 2885272
153 2642261
154 2420535
155 2206069
156 2002500
157 1810963
158 1634808
159 1469849
160 1326853
161 1191971
162 1074775
163 962578
164 866037
165 776953
166 698795
167 628127
168 561608
169 505664
170 454680
171 409837
172 373745
173 337675
174 302432
175 270392
176 243250
177 215769
178 192074
179 174955
180 157907
181 144561
182 133419
183 122770
184 113802
185 108537
186 102225
187 97922
188 92957
189 88430
190 85149
191 83127
192 80179
193 77596
194 75717
195 75369
196 73618
197 72871
198 72612
199 72816
200 71130
201 71257
202 72359
203 72598
204 73680
205 73717
206 74283
207 73777
208 74841
209 74549
210 74557
211 75091
212 76072
213 77690
214 78347
215 79997
216 81055
217 83143
218 83964
219 84537
220 85949
221 85774
222 87669
223 89330
224 90304
225 91175
226 91238
227 91387
228 93094
229 93865
230 93314
231 93037
232 93304
233 93935
234 95138
235 94345
236 94435
237 94080
238 95241
239 93396
240 92526
241 91640
242 91812
243 90470
244 89780
245 88984
246 90381
247 89828
248 89756
249 88243
250 86630
251 86067
252 84539
253 83378
254 82684
255 81105
256 80916
257 80063
258 78502
259 77079
260 74535
261 72516
262 71124
263 69782
264 67736
265 65297
266 63929
267 62829
268 60547
269 59034
270 58330
271 56985
272 55150
273 53069
274 52340
275 51257
276 49972
277 48698
278 47581
279 46385
280 45471
281 44223
282 44218
283 42749
284 42444
285 41045
286 40380
287 38651
288 38634
289 37747
290 36794
291 35823
292 35120
293 34350
294 34040
295 33087
296 31624
297 31250
298 30339
299 29678
300 29228
301 28406
302 27870
303 27302
304 27315
305 27188
306 26719
307 26434
308 25781
309 25411
310 24677
311 24380
312 24514
313 23764
314 23576
315 23173
316 22788
317 22692
318 22106
319 21934
320 22196
321 21906
322 21801
323 21817
324 21687
325 21459
326 21619
327 22126
328 21419
329 21343
330 21638
331 22024
332 21610
333 21780
334 21886
335 21914
336 21949
337 21949
338 21489
339 21763
340 21865
341 21794
342 22108
343 22446
344 22483
345 22296
346 22180
347 22609
348 22478
349 22667
350 23062
351 23454
352 23536
353 23569
354 23970
355 23665
356 23291
357 23692
358 23650
359 22820
360 22734
361 22517
362 21803
363 21891
364 21342
365 20955
366 21228
367 21433
368 20838
369 21039
370 20459
371 20233
372 20132
373 20318
374 19859
375 19836
376 19550
377 19074
378 19167
379 18644
380 18806
381 18450
382 18816
383 18239
384 18238
385 18201
386 17804
387 17677
388 17308
389 17505
390 17409
391 16850
392 17036
393 16746
394 16217
395 16239
396 16158
397 16311
398 16135
399 16019
400 15831
401 15973
402 15829
403 15853
404 15822
405 15797
406 15382
407 15188
408 14816
409 15131
410 14951
411 14528
412 14485
413 14408
414 14151
415 13981
416 13788
417 13906
418 13669
419 13501
420 13527
421 13150
422 12958
423 12897
424 12894
425 12801
426 12755
427 12581
428 12493
429 12322
430 11986
431 11810
432 12084
433 11967
434 12089
435 11709
436 11790
437 11755
438 11606
439 11562
440 11713
441 11742
442 11722
443 11472
444 11461
445 11593
446 11744
447 11372
448 11153
449 11181
450 11341
451 11340
452 11131
453 11193
454 11152
455 10980
456 11017
457 10940
458 10747
459 10786
460 10991
461 10819
462 10831
463 10422
464 10439
465 10670
466 10390
467 10401
468 10392
469 10266
470 10239
471 10320
472 10068
473 10161
474 10032
475 10304
476 10306
477 10247
478 10445
479 9976
480 10162
481 10193
482 9929
483 10012
484 9781
485 9695
486 9566
487 9491
488 9714
489 9483
490 9735
491 9775
492 9524
493 9332
494 9125
495 9073
496 9167
497 8931
498 9090
499 9162
500 9085
501 8832
502 9197
503 9011
504 8903
505 8889
506 9062
507 8994
508 9022
509 8840
510 8947
511 8864
512 8852
513 8593
514 8616
515 8426
516 8298
517 8328
518 8346
519 8189
520 8081
521 8087
522 8030
523 7914
524 7622
525 7677
526 7614
527 7556
528 7262
529 7205
530 7265
531 7250
532 7074
533 6983
534 6965
535 7109
536 6997
537 6845
538 6959
539 6955
540 6710
541 6784
542 6707
543 6907
544 6750
545 6764
546 6578
547 6709
548 6723
549 6581
550 6719
551 6697
552 6722
553 6619
554 6673
555 6659
556 6664
557 6777
558 6494
559 6442
560 6496
561 6398
562 6494
563 6600
564 6664
565 6763
566 6690
567 6565
568 6596
569 6477
570 6501
571 6685
572 6485
573 6405
574 6408
575 6269
576 6174
577 6134
578 6063
579 5956
580 6037
581 5868
582 5867
583 5784
584 5716
585 5651
586 5562
587 5690
588 5747
589 5673
590 5826
591 5728
592 5648
593 5724
594 5655
595 5565
596 5488
597 5704
598 5538
599 5398
600 5544
601 5536
602 5567
603 5639
604 5563
605 5606
606 5537
607 5558
608 5415
609 5715
610 5739
611 5634
612 5565
613 5739
614 5812
615 5839
616 5733
617 5744
618 5687
619 5624
620 5380
621 5495
622 5478
623 5431
624 5643
625 5526
626 5488
627 5440
628 5347
629 5308
630 5402
631 5532
632 5320
633 5242
634 5183
635 5139
636 5179
637 5071
638 5030
639 4986
640 4796
641 4958
642 4706
643 4824
644 4756
645 4815
646 4639
647 4443
648 4486
649 4590
650 4431
651 4403
652 4376
653 4387
654 4303
655 4264
656 4279
657 4161
658 4288
659 4368
660 4277
661 4323
662 4353
663 4217
664 4191
665 4247
666 4182
667 4045
668 4253
669 4083
670 4138
671 4247
672 4275
673 4203
674 4265
675 4150
676 4083
677 3958
678 3955
679 3943
680 3966
681 3989
682 3849
683 4083
684 4112
685 4088
686 4024
687 4034
688 4028
689 3949
690 3991
691 3942
692 3856
693 3925
694 3989
695 3950
696 3927
697 3912
698 3939
699 3956
700 4014
701 3878
702 3992
703 3968
704 3957
705 4012
706 4051
707 4083
708 4153
709 4016
710 4049
711 4128
712 4118
713 4012
714 4112
715 3972
716 4012
717 3940
718 4077
719 4008
720 3978
721 3894
722 3739
723 3744
724 3798
725 3844
726 3566
727 3751
728 3557
729 3524
730 3583
731 3467
732 3335
733 3320
734 3394
735 3390
736 3230
737 3243
738 3234
739 3379
740 3319
741 3304
742 3227
743 3184
744 3316
745 3359
746 3299
747 3510
748 3230
749 3194
750 3254
751 3226
752 3239
753 3153
754 3331
755 3116
756 3214
757 3149
758 3307
759 3292
760 3140
761 3149
762 3195
763 3115
764 3056
765 3086
766 3017
767 3061
768 3011
769 2968
770 2976
771 2933
772 2986
773 2865
774 2970
775 2919
776 2962
777 2965
778 2974
779 2935
780 2815
781 2771
782 2876
783 2708
784 2916
785 2952
786 2912
787 2833
788 2890
789 2882
790 2763
791 2800
792 2738
793 2701
794 2799
795 2631
796 2689
797 2610
798 2618
799 2733
800 2619
801 2609
802 2674
803 2727
804 2667
805 2549
806 2544
807 2475
808 2604
809 2594
810 2571
811 2586
812 2809
813 2657
814 2635
815 2648
816 2658
817 2806
818 2807
819 2786
820 2761
821 2725
822 2775
823 2735
824 2691
825 2628
826 2727
827 2774
828 2523
829 2594
830 2645
831 2692
832 2575
833 2580
834 2682
835 2534
836 2503
837 2469
838 2500
839 2446
840 2466
841 2547
842 2495
843 2377
844 2530
845 2487
846 2466
847 2504
848 2530
849 2436
850 2472
851 2520
852 2328
853 2344
854 2535
855 2445
856 2473
857 2523
858 2452
859 2371
860 2414
861 2347
862 2437
863 2385
864 2397
865 2395
866 2386
867 2349
868 2455
869 2536
870 2480
871 2453
872 2355
873 2379
874 2370
875 2362
876 2409
877 2385
878 2325
879 2375
880 2374
881 2340
882 2370
883 2330
884 2346
885 2297
886 2433
887 2446
888 2316
889 2326
890 2321
891 2307
892 2361
893 2357
894 2272
895 2238
896 2276
897 2230
898 2284
899 2168
900 2234
901 2247
902 2349
903 2370
904 2296
905 2183
906 2335
907 2386
908 2214
909 2236
910 2208
911 2224
912 2220
913 2271
914 2220
915 2177
916 2176
917 2226
918 2251
919 2165
920 2210
921 2163
922 2116
923 2098
924 2045
925 1971
926 2020
927 1995
928 1962
929 2010
930 2000
931 1980
932 2103
933 1979
934 1923
935 1913
936 1923
937 1919
938 1923
939 1849
940 1868
941 1956
942 1862
943 1865
944 1935
945 1890
946 1848
947 1900
948 1890
949 1834
950 1858
951 1814
952 1795
953 1818
954 1862
955 1857
956 1918
957 1881
958 1872
959 1856
960 1896
961 1707
962 1814
963 1780
964 1856
965 1814
966 1908
967 1834
968 1844
969 1837
970 1808
971 1784
972 1786
973 1782
974 1850
975 1823
976 1839
977 1758
978 1763
979 1821
980 1763
981 1840
982 1856
983 1838
984 1890
985 1907
986 1880
987 1804
988 1931
989 1894
990 1908
991 1839
992 1840
993 1882
994 1949
995 1877
996 1889
997 1922
998 1885
999 1944
1000 1974
1001 1985
1002 1893
1003 1942
1004 2009
1005 1869
1006 1969
1007 1973
1008 1958
1009 1935
1010 1920
1011 1991
1012 1850
1013 1916
1014 1799
1015 1915
1016 1803
1017 1880
1018 1771
1019 1855
1020 1830
1021 1649
1022 1708
1023 1751
1024 1737
1025 1774
1026 1781
1027 1709
1028 1646
1029 1703
1030 1702
1031 1683
1032 1677
1033 1698
1034 1682
1035 1697
1036 1848
1037 1745
1038 1698
1039 1663
1040 1707
1041 1635
1042 1655
1043 1643
1044 1575
1045 1639
1046 1688
1047 1675
1048 1672
1049 1590
1050 1631
1051 1596
1052 1632
1053 1526
1054 1656
1055 1581
1056 1528
1057 1584
1058 1513
1059 1505
1060 1513
1061 1474
1062 1464
1063 1494
1064 1479
1065 1450
1066 1422
1067 1440
1068 1473
1069 1435
1070 1379
1071 1467
1072 1535
1073 1480
1074 1409
1075 1410
1076 1466
1077 1472
1078 1518
1079 1647
1080 1545
1081 1536
1082 1578
1083 1609
1084 1562
1085 1601
1086 1544
1087 1632
1088 1560
1089 1548
1090 1543
1091 1489
1092 1428
1093 1510
1094 1496
1095 1556
1096 1609
1097 1465
1098 1573
1099 1473
1100 1468
1101 1596
1102 1549
1103 1538
1104 1566
1105 1543
1106 1619
1107 1578
1108 1526
1109 1640
1110 1559
1111 1519
1112 1560
1113 1563
1114 1528
1115 1496
1116 1537
1117 1485
1118 1399
1119 1492
1120 1501
1121 1503
1122 1442
1123 1469
1124 1493
1125 1486
1126 1514
1127 1466
1128 1398
1129 1472
1130 1504
1131 1489
1132 1476
1133 1447
1134 1438
1135 1419
1136 1446
1137 1441
1138 1504
1139 1448
1140 1512
1141 1509
1142 1446
1143 1526
1144 1506
1145 1500
1146 1568
1147 1508
1148 1622
1149 1573
1150 1535
1151 1548
1152 1482
1153 1566
1154 1561
1155 1424
1156 1431
1157 1496
1158 1569
1159 1557
1160 1397
1161 1507
1162 1452
1163 1422
1164 1413
1165 1372
1166 1532
1167 1378
1168 1375
1169 1394
1170 1451
1171 1451
1172 1360
1173 1283
1174 1298
1175 1284
1176 1255
1177 1266
1178 1201
1179 1251
1180 1247
1181 1230
1182 1206
1183 1154
1184 1252
1185 1113
1186 1163
1187 1117
1188 1111
1189 1140
1190 1191
1191 1140
1192 1227
1193 1154
1194 1144
1195 1168
1196 1145
1197 1162
1198 1177
1199 1156
1200 1104
1201 1039
1202 1135
1203 1089
1204 1127
1205 1115
1206 1088
1207 1079
1208 1036
1209 1108
1210 1061
1211 999
1212 1082
1213 1180
1214 1126
1215 1164
1216 1098
1217 1118
1218 1097
1219 1118
1220 1101
1221 1157
1222 1052
1223 1108
1224 1063
1225 1107
1226 1132
1227 1166
1228 1144
1229 1076
1230 1117
1231 1139
1232 1104
1233 1042
1234 1061
1235 1019
1236 1070
1237 1090
1238 1054
1239 1065
1240 990
1241 1056
1242 1090
1243 1108
1244 1001
1245 1001
1246 1025
1247 998
1248 970
1249 1005
1250 962
1251 1000
1252 974
1253 999
1254 939
1255 1002
1256 949
1257 995
1258 1004
1259 988
1260 932
1261 991
1262 982
1263 938
1264 973
1265 997
1266 1014
1267 1047
1268 1019
1269 964
1270 1011
1271 1066
1272 987
1273 1005
1274 1064
1275 1034
1276 1048
1277 991
1278 998
1279 1007
1280 991
1281 974
1282 989
1283 995
1284 996
1285 979
1286 1018
1287 1019
1288 1033
1289 1023
1290 1071
1291 1073
1292 1023
1293 1061
1294 1021
1295 997
1296 1033
1297 995
1298 1016
1299 1034
1300 1072
1301 982
1302 1013
1303 996
1304 1017
1305 1016
1306 978
1307 910
1308 935
1309 938
1310 979
1311 974
1312 902
1313 916
1314 969
1315 905
1316 919
1317 967
1318 795
1319 896
1320 908
1321 898
1322 853
1323 909
1324 827
1325 902
1326 962
1327 859
1328 907
1329 930
1330 883
1331 871
1332 957
1333 825
1334 808
1335 824
1336 848
1337 790
1338 858
1339 819
1340 855
1341 827
1342 787
1343 780
1344 739
1345 791
1346 780
1347 794
1348 824
1349 788
1350 804
1351 773
1352 780
1353 739
1354 756
1355 862
1356 825
1357 773
1358 856
1359 750
1360 793
1361 771
1362 745
1363 823
1364 755
1365 792
1366 780
1367 770
1368 731
1369 817
1370 785
1371 748
1372 774
1373 708
1374 751
1375 750
1376 786
1377 802
1378 748
1379 759
1380 756
1381 841
1382 785
1383 781
1384 769
1385 781
1386 830
1387 791
1388 771
1389 812
1390 795
1391 743
1392 806
1393 704
1394 776
1395 743
1396 770
1397 736
1398 748
1399 731
1400 805
1401 845
1402 810
1403 762
1404 771
1405 816
1406 806
1407 772
1408 782
1409 866
1410 798
1411 776
1412 823
1413 737
1414 791
1415 767
1416 751
1417 760
1418 795
1419 713
1420 795
1421 721
1422 740
1423 772
1424 763
1425 740
1426 757
1427 819
1428 755
1429 766
1430 753
1431 815
1432 763
1433 741
1434 743
1435 759
1436 769
1437 822
1438 808
1439 766
1440 771
1441 783
1442 750
1443 757
1444 663
1445 730
1446 683
1447 723
1448 722
1449 701
1450 707
1451 739
1452 719
1453 704
1454 653
1455 620
1456 660
1457 659
1458 616
1459 646
1460 726
1461 654
1462 704
1463 669
1464 653
1465 671
1466 709
1467 700
1468 604
1469 623
1470 699
1471 643
1472 628
1473 686
1474 675
1475 689
1476 624
1477 663
1478 719
1479 667
1480 603
1481 637
1482 691
1483 676
1484 674
1485 682
1486 660
1487 671
1488 697
1489 651
1490 645
1491 670
1492 710
1493 642
1494 670
1495 632
1496 625
1497 653
1498 656
1499 640
1500 680
1501 657
1502 720
1503 653
1504 660
1505 624
1506 683
1507 642
1508 691
1509 653
1510 657
1511 678
1512 677
1513 726
1514 749
1515 724
1516 700
1517 693
1518 688
1519 696
1520 706
1521 664
1522 713
1523 627
1524 711
1525 674
1526 688
1527 622
1528 628
1529 570
1530 656
1531 617
1532 650
1533 633
1534 650
1535 599
1536 647
1537 643
1538 634
1539 635
1540 627
1541 605
1542 582
1543 645
1544 664
1545 638
1546 691
1547 614
1548 667
1549 565
1550 652
1551 610
1552 625
1553 634
1554 617
1555 558
1556 558
1557 562
1558 617
1559 607
1560 595
1561 558
1562 562
1563 614
1564 607
1565 648
1566 603
1567 580
1568 533
1569 570
1570 570
1571 561
1572 546
1573 517
1574 484
1575 514
1576 541
1577 575
1578 575
1579 578
1580 592
1581 546
1582 571
1583 579
1584 588
1585 606
1586 632
1587 618
1588 598
1589 562
1590 544
1591 587
1592 534
1593 548
1594 552
1595 580
1596 525
1597 567
1598 543
1599 531
1600 532
1601 547
1602 546
1603 507
1604 555
1605 543
1606 514
1607 529
1608 529
1609 527
1610 587
1611 533
1612 544
1613 561
1614 538
1615 551
1616 569
1617 537
1618 562
1619 581
1620 528
1621 521
1622 546
1623 558
1624 575
1625 642
1626 588
1627 576
1628 548
1629 563
1630 605
1631 602
1632 616
1633 552
1634 570
1635 535
1636 583
1637 564
1638 605
1639 567
1640 575
1641 550
1642 564
1643 570
1644 535
1645 558
1646 586
1647 546
1648 593
1649 560
1650 581
1651 571
1652 548
1653 588
1654 585
1655 582
1656 560
1657 570
1658 584
1659 520
1660 537
1661 528
1662 531
1663 558
1664 538
1665 537
1666 529
1667 513
1668 527
1669 552
1670 582
1671 534
1672 591
1673 554
1674 567
1675 628
1676 590
1677 560
1678 577
1679 577
1680 548
1681 546
1682 546
1683 594
1684 554
1685 544
1686 576
1687 566
1688 560
1689 539
1690 529
1691 501
1692 512
1693 513
1694 523
1695 491
1696 558
1697 557
1698 566
1699 524
1700 514
1701 468
1702 497
1703 480
1704 436
1705 440
1706 444
1707 469
1708 482
1709 495
1710 471
1711 465
1712 537
1713 490
1714 506
1715 513
1716 497
1717 469
1718 498
1719 506
1720 539
1721 519
1722 477
1723 478
1724 485
1725 487
1726 482
1727 514
1728 566
1729 533
1730 485
1731 485
1732 445
1733 476
1734 426
1735 422
1736 422
1737 414
1738 484
1739 456
1740 446
1741 459
1742 412
1743 444
1744 454
1745 410
1746 401
1747 441
1748 426
1749 419
1750 464
1751 398
1752 438
1753 441
1754 471
1755 435
1756 468
1757 508
1758 471
1759 467
1760 461
1761 431
1762 439
1763 442
1764 432
1765 441
1766 436
1767 447
1768 482
1769 422
1770 433
1771 425
1772 453
1773 460
1774 475
1775 442
1776 418
1777 435
1778 447
1779 415
1780 459
1781 450
1782 482
1783 479
1784 445
1785 477
1786 456
1787 466
1788 463
1789 459
1790 488
1791 458
1792 441
1793 480
1794 468
1795 453
1796 446
1797 433
1798 449
1799 422
1800 420
1801 440
1802 423
1803 413
1804 417
1805 413
1806 446
1807 414
1808 420
1809 406
1810 436
1811 464
1812 456
1813 407
1814 445
1815 429
1816 432
1817 443
1818 466
1819 452
1820 452
1821 448
1822 436
1823 461
1824 449
1825 457
1826 422
1827 463
1828 450
1829 437
1830 492
1831 442
1832 459
1833 448
1834 446
1835 428
1836 468
1837 440
1838 436
1839 429
1840 399
1841 451
1842 432
1843 414
1844 468
1845 459
1846 442
1847 425
1848 460
1849 456
1850 418
1851 396
1852 382
1853 404
1854 432
1855 450
1856 417
1857 400
1858 396
1859 434
1860 432
1861 392
1862 391
1863 378
1864 392
1865 409
1866 451
1867 433
1868 386
1869 388
1870 390
1871 410
1872 421
1873 385
1874 355
1875 438
1876 389
1877 370
1878 404
1879 420
1880 399
1881 392
1882 431
1883 399
1884 404
1885 403
1886 397
1887 390
1888 380
1889 367
1890 402
1891 402
1892 396
1893 407
1894 393
1895 389
1896 367
1897 340
1898 408
1899 365
1900 354
1901 397
1902 370
1903 355
1904 337
1905 378
1906 388
1907 359
1908 365
1909 394
1910 413
1911 387
1912 369
1913 382
1914 415
1915 371
1916 381
1917 390
1918 349
1919 385
1920 372
1921 331
1922 367
1923 364
1924 378
1925 365
1926 348
1927 342
1928 359
1929 361
1930 339
1931 376
1932 367
1933 391
1934 338
1935 383
1936 349
1937 373
1938 347
1939 355
1940 320
1941 316
1942 308
1943 331
1944 347
1945 342
1946 355
1947 322
1948 350
1949 351
1950 331
1951 334
1952 364
1953 330
1954 301
1955 318
1956 338
1957 323
1958 351
1959 333
1960 319
1961 303
1962 315
1963 303
1964 325
1965 296
1966 336
1967 305
1968 323
1969 313
1970 342
1971 328
1972 349
1973 333
1974 363
1975 357
1976 326
1977 347
1978 307
1979 357
1980 350
1981 391
1982 325
1983 330
1984 340
1985 315
1986 315
1987 325
1988 315
1989 318
1990 345
1991 326
1992 317
1993 317
1994 351
1995 323
1996 320
1997 323
1998 321
1999 306
2000 343
2001 315
2002 336
2003 345
2004 310
2005 347
2006 330
2007 282
2008 339
2009 335
2010 341
2011 298
2012 340
2013 314
2014 330
2015 307
2016 324
2017 327
2018 321
2019 320
2020 313
2021 366
2022 339
2023 307
2024 302
2025 351
2026 309
2027 348
2028 332
2029 328
2030 350
2031 321
2032 312
2033 311
2034 307
2035 327
2036 316
2037 306
2038 293
2039 309
2040 359
2041 381
2042 351
2043 348
2044 272
2045 329
2046 320
2047 318
2048 342
2049 317
2050 327
2051 296
2052 319
2053 304
2054 338
2055 305
2056 288
2057 300
2058 279
2059 304
2060 289
2061 301
2062 283
2063 292
2064 286
2065 297
2066 279
2067 266
2068 273
2069 277
2070 267
2071 258
2072 288
2073 293
2074 318
2075 266
2076 263
2077 304
2078 266
2079 264
2080 256
2081 277
2082 255
2083 286
2084 267
2085 245
2086 279
2087 288
2088 258
2089 263
2090 321
2091 265
2092 282
2093 288
2094 286
2095 251
2096 262
2097 273
2098 264
2099 282
2100 271
2101 265
2102 271
2103 295
2104 266
2105 291
2106 282
2107 263
2108 244
2109 274
2110 279
2111 251
2112 288
2113 233
2114 256
2115 267
2116 271
2117 274
2118 282
2119 285
2120 261
2121 269
2122 277
2123 255
2124 258
2125 258
2126 283
2127 243
2128 251
2129 240
2130 256
2131 248
2132 238
2133 232
2134 265
2135 246
2136 242
2137 266
2138 253
2139 255
2140 264
2141 281
2142 281
2143 249
2144 256
2145 260
2146 263
2147 249
2148 271
2149 286
2150 259
2151 237
2152 246
2153 239
2154 245
2155 253
2156 225
2157 250
2158 262
2159 217
2160 232
2161 236
2162 211
2163 227
2164 255
2165 231
2166 238
2167 224
2168 219
2169 256
2170 253
2171 269
2172 234
2173 248
2174 228
2175 295
2176 250
2177 254
2178 249
2179 253
2180 243
2181 247
2182 235
2183 244
2184 249
2185 241
2186 260
2187 253
2188 263
2189 240
2190 257
2191 225
2192 240
2193 214
2194 248
2195 262
2196 250
2197 245
2198 229
2199 236
2200 246
2201 236
2202 245
2203 240
2204 265
2205 218
2206 253
2207 257
2208 220
2209 237
2210 212
2211 237
2212 230
2213 220
2214 230
2215 230
2216 221
2217 264
2218 241
2219 206
2220 231
2221 246
2222 212
2223 212
2224 224
2225 214
2226 223
2227 258
2228 205
2229 217
2230 218
2231 206
2232 235
2233 238
2234 238
2235 256
2236 238
2237 215
2238 227
2239 239
2240 211
2241 227
2242 217
2243 257
2244 194
2245 224
2246 191
2247 223
2248 251
2249 245
2250 198
2251 219
2252 226
2253 214
2254 201
2255 215
2256 218
2257 200
2258 195
2259 195
2260 207
2261 211
2262 217
2263 212
2264 207
2265 235
2266 237
2267 198
2268 219
2269 195
2270 176
2271 210
2272 242
2273 201
2274 230
2275 232
2276 230
2277 211
2278 225
2279 214
2280 209
2281 240
2282 197
2283 208
2284 231
2285 203
2286 217
2287 214
2288 229
2289 253
2290 261
2291 230
2292 205
2293 212
2294 195
2295 210
2296 180
2297 190
2298 223
2299 185
2300 208
2301 196
2302 198
2303 179
2304 207
2305 229
2306 231
2307 196
2308 201
2309 197
2310 229
2311 253
2312 201
2313 200
2314 171
2315 213
2316 216
2317 212
2318 233
2319 212
2320 176
2321 187
2322 196
2323 198
2324 180
2325 186
2326 179
2327 176
2328 206
2329 201
2330 214
2331 197
2332 213
2333 208
2334 200
2335 183
2336 195
2337 206
2338 211
2339 211
2340 220
2341 208
2342 204
2343 207
2344 195
2345 191
2346 210
2347 192
2348 194
2349 185
2350 189
2351 169
2352 185
2353 182
2354 197
2355 232
2356 177
2357 203
2358 210
2359 215
2360 193
2361 223
2362 202
2363 184
2364 214
2365 186
2366 227
2367 211
2368 211
2369 211
2370 223
2371 247
2372 222
2373 196
2374 211
2375 210
2376 221
2377 185
2378 186
2379 167
2380 186
2381 179
2382 179
2383 169
2384 185
2385 180
2386 180
2387 214
2388 217
2389 199
2390 190
2391 181
2392 190
2393 182
2394 180
2395 197
2396 191
2397 156
2398 166
2399 201
2400 172
2401 192
2402 211
2403 193
2404 173
2405 179
2406 193
2407 187
2408 172
2409 178
2410 191
2411 194
2412 187
2413 194
2414 184
2415 198
2416 187
2417 173
2418 194
2419 167
2420 185
2421 201
2422 206
2423 193
2424 174
2425 166
2426 173
2427 170
2428 172
2429 167
2430 183
2431 196
2432 176
2433 194
2434 168
2435 188
2436 186
2437 178
2438 213
2439 205
2440 197
2441 171
2442 186
2443 188
2444 183
2445 160
2446 172
2447 176
2448 200
2449 176
2450 166
2451 185
2452 174
2453 181
2454 189
2455 201
2456 170
2457 182
2458 171
2459 161
2460 168
2461 191
2462 200
2463 189
2464 198
2465 190
2466 171
2467 204
2468 213
2469 189
2470 179
2471 189
2472 183
2473 182
2474 173
2475 147
2476 168
2477 205
2478 183
2479 189
2480 181
2481 174
2482 186
2483 191
2484 187
2485 172
2486 158
2487 183
2488 186
2489 212
2490 204
2491 188
2492 185
2493 169
2494 154
2495 165
2496 171
2497 201
2498 179
2499 196
2500 166
2501 163
2502 169
2503 173
2504 169
2505 168
2506 177
2507 169
2508 181
2509 173
2510 173
2511 164
2512 184
2513 189
2514 184
2515 183
2516 172
2517 184
2518 185
2519 176
2520 178
2521 189
2522 191
2523 184
2524 178
2525 157
2526 171
2527 173
2528 158
2529 164
2530 152
2531 175
2532 157
2533 172
2534 159
2535 165
2536 196
2537 131
2538 168
2539 164
2540 179
2541 182
2542 159
2543 182
2544 163
2545 183
2546 179
2547 174
2548 166
2549 186
2550 166
2551 158
2552 178
2553 161
2554 163
2555 164
2556 181
2557 179
2558 169
2559 172
2560 148
2561 139
2562 183
2563 171
2564 144
2565 164
2566 149
2567 180
2568 183
2569 181
2570 163
2571 191
2572 177
2573 184
2574 187
2575 183
2576 160
2577 190
2578 196
2579 168
2580 145
2581 162
2582 159
2583 170
2584 166
2585 164
2586 181
2587 175
2588 172
2589 162
2590 158
2591 161
2592 173
2593 146
2594 163
2595 155
2596 169
2597 141
2598 171
2599 148
2600 174
2601 143
2602 157
2603 169
2604 154
2605 181
2606 173
2607 159
2608 158
2609 135
2610 170
2611 147
2612 153
2613 164
2614 167
2615 190
2616 178
2617 154
2618 184
2619 165
2620 166
2621 159
2622 156
2623 148
2624 170
2625 188
2626 160
2627 174
2628 145
2629 158
2630 181
2631 172
2632 188
2633 174
2634 160
2635 160
2636 165
2637 166
2638 171
2639 174
2640 181
2641 134
2642 158
2643 172
2644 178
2645 150
2646 160
2647 173
2648 166
2649 193
2650 164
2651 155
2652 168
2653 178
2654 162
2655 153
2656 142
2657 171
2658 183
2659 152
2660 155
2661 149
2662 150
2663 161
2664 149
2665 166
2666 148
2667 173
2668 185
2669 192
2670 162
2671 186
2672 163
2673 142
2674 167
2675 181
2676 170
2677 173
2678 172
2679 158
2680 168
2681 172
2682 164
2683 155
2684 169
2685 154
2686 153
2687 146
2688 165
2689 158
2690 173
2691 170
2692 164
2693 152
2694 176
2695 143
2696 169
2697 161
2698 180
2699 177
2700 159
2701 162
2702 168
2703 169
2704 144
2705 178
2706 172
2707 170
2708 171
2709 166
2710 155
2711 169
2712 152
2713 141
2714 157
2715 172
2716 150
2717 154
2718 148
2719 169
2720 145
2721 163
2722 139
2723 175
2724 164
2725 147
2726 150
2727 166
2728 145
2729 159
2730 161
2731 157
2732 163
2733 159
2734 159
2735 153
2736 164
2737 172
2738 147
2739 130
2740 132
2741 182
2742 142
2743 176
2744 181
2745 149
2746 166
2747 153
2748 154
2749 174
2750 149
2751 162
2752 140
2753 156
2754 149
2755 177
2756 155
2757 173
2758 181
2759 161
2760 163
2761 172
2762 161
2763 164
2764 165
2765 153
2766 163
2767 154
2768 165
2769 158
2770 159
2771 157
2772 158
2773 179
2774 155
2775 140
2776 171
2777 161
2778 161
2779 163
2780 156
2781 167
2782 161
2783 167
2784 167
2785 146
2786 175
2787 162
2788 134
2789 144
2790 139
2791 163
2792 140
2793 152
2794 180
2795 150
2796 133
2797 142
2798 157
2799 181
2800 121
2801 155
2802 138
2803 148
2804 149
2805 148
2806 160
2807 149
2808 158
2809 153
2810 141
2811 138
2812 163
2813 123
2814 137
2815 133
2816 140
2817 145
2818 129
2819 164
2820 142
2821 126
2822 141
2823 151
2824 148
2825 137
2826 158
2827 150
2828 136
2829 162
2830 128
2831 140
2832 135
2833 151
2834 134
2835 134
2836 120
2837 137
2838 142
2839 165
2840 149
2841 159
2842 146
2843 131
2844 147
2845 121
2846 140
2847 126
2848 121
2849 141
2850 143
2851 140
2852 163
2853 126
2854 158
2855 139
2856 132
2857 151
2858 136
2859 122
2860 152
2861 129
2862 171
2863 134
2864 136
2865 155
2866 136
2867 133
2868 141
2869 129
2870 130
2871 132
2872 110
2873 126
2874 160
2875 153
2876 136
2877 153
2878 134
2879 136
2880 152
2881 152
2882 147
2883 140
2884 148
2885 137
2886 188
2887 149
2888 147
2889 128
2890 145
2891 133
2892 151
2893 157
2894 153
2895 156
2896 121
2897 129
2898 156
2899 142
2900 157
2901 173
2902 148
2903 151
2904 157
2905 138
2906 154
2907 163
2908 176
2909 144
2910 146
2911 174
2912 143
2913 157
2914 164
2915 153
2916 140
2917 132
2918 155
2919 136
2920 158
2921 159
2922 162
2923 162
2924 138
2925 156
2926 167
2927 168
2928 169
2929 170
2930 166
2931 168
2932 150
2933 144
2934 154
2935 142
2936 157
2937 157
2938 164
2939 165
2940 159
2941 153
2942 173
2943 172
2944 155
2945 179
2946 194
2947 171
2948 185
2949 186
2950 142
2951 161
2952 166
2953 169
2954 162
2955 167
2956 162
2957 176
2958 159
2959 177
2960 186
2961 167
2962 206
2963 169
2964 183
2965 209
2966 190
2967 188
2968 182
2969 192
2970 159
2971 200
2972 191
2973 193
2974 177
2975 180
2976 213
2977 221
2978 201
2979 215
2980 202
2981 195
2982 216
2983 229
2984 199
2985 215
2986 215
2987 218
2988 208
2989 218
2990 244
2991 191
2992 209
2993 184
2994 242
2995 233
2996 240
2997 288
2998 249
2999 274
3000 246
3001 228
3002 254
3003 241
3004 262
3005 239
3006 232
3007 248
3008 246
3009 266
3010 241
3011 245
3012 248
3013 218
3014 271
3015 240
3016 265
3017 255
3018 263
3019 258
3020 289
3021 287
3022 278
3023 251
3024 273
3025 267
3026 249
3027 237
3028 243
3029 275
3030 264
3031 284
3032 274
3033 257
3034 275
3035 276
3036 243
3037 282
3038 257
3039 233
3040 233
3041 223
3042 222
3043 214
3044 235
3045 254
3046 236
3047 266
3048 242
3049 232
3050 231
3051 237
3052 228
3053 247
3054 207
3055 197
3056 200
3057 189
3058 193
3059 215
3060 189
3061 208
3062 185
3063 205
3064 164
3065 188
3066 170
3067 186
3068 175
3069 175
3070 171
3071 172
3072 157
3073 176
3074 173
3075 149
3076 148
3077 143
3078 126
3079 138
3080 151
3081 144
3082 147
3083 129
3084 146
3085 125
3086 128
3087 129
3088 150
3089 145
3090 146
3091 120
3092 133
3093 139
3094 138
3095 100
3096 125
3097 126
3098 139
3099 133
3100 139
3101 118
3102 124
3103 144
3104 116
3105 132
3106 113
3107 119
3108 155
3109 119
3110 117
3111 128
3112 143
3113 128
3114 118
3115 105
3116 119
3117 113
3118 126
3119 114
3120 136
3121 150
3122 122
3123 107
3124 135
3125 106
3126 110
3127 101
3128 105
3129 124
3130 122
3131 119
3132 96
3133 120
3134 107
3135 89
3136 94
3137 116
3138 119
3139 123
3140 117
3141 109
3142 88
3143 113
3144 89
3145 116
3146 112
3147 98
3148 109
3149 118
3150 115
3151 105
3152 102
3153 108
3154 100
3155 100
3156 131
3157 106
3158 110
3159 109
3160 99
3161 122
3162 113
3163 112
3164 113
3165 118
3166 121
3167 113
3168 101
3169 113
3170 113
3171 112
3172 104
3173 98
3174 127
3175 116
3176 93
3177 117
3178 107
3179 100
3180 124
3181 119
3182 134
3183 119
3184 117
3185 126
3186 109
3187 129
3188 105
3189 94
3190 116
3191 104
3192 101
3193 103
3194 103
3195 110
3196 100
3197 137
3198 122
3199 101
3200 122
3201 118
3202 90
3203 98
3204 99
3205 115
3206 111
3207 124
3208 69
3209 98
3210 97
3211 80
3212 104
3213 99
3214 125
3215 109
3216 126
3217 110
3218 116
3219 104
3220 97
3221 92
3222 107
3223 90
3224 108
3225 91
3226 90
3227 89
3228 79
3229 89
3230 98
3231 124
3232 97
3233 108
3234 110
3235 90
3236 101
3237 89
3238 86
3239 101
3240 71
3241 78
3242 108
3243 86
3244 80
3245 83
3246 89
3247 109
3248 104
3249 87
3250 94
3251 91
3252 84
3253 85
3254 104
3255 101
3256 90
3257 101
3258 95
3259 93
3260 101
3261 123
3262 99
3263 98
3264 120
3265 90
3266 84
3267 87
3268 83
3269 113
3270 97
3271 110
3272 104
3273 84
3274 98
3275 91
3276 99
3277 93
3278 94
3279 77
3280 92
3281 96
3282 114
3283 99
3284 100
3285 102
3286 115
3287 93
3288 87
3289 104
3290 128
3291 104
3292 93
3293 95
3294 85
3295 86
3296 115
3297 112
3298 78
3299 99
3300 74
3301 98
3302 97
3303 91
3304 94
3305 81
3306 105
3307 84
3308 105
3309 125
3310 94
3311 104
3312 103
3313 99
3314 95
3315 85
3316 106
3317 100
3318 109
3319 96
3320 106
3321 108
3322 105
3323 105
3324 83
3325 71
3326 97
3327 118
3328 78
3329 91
3330 99
3331 95
3332 119
3333 80
3334 87
3335 89
3336 97
3337 115
3338 103
3339 99
3340 91
3341 92
3342 83
3343 108
3344 105
3345 91
3346 108
3347 112
3348 99
3349 103
3350 109
3351 105
3352 105
3353 104
3354 121
3355 119
3356 107
3357 116
3358 99
3359 120
3360 130
3361 121
3362 119
3363 103
3364 104
3365 116
3366 128
3367 108
3368 85
3369 94
3370 98
3371 115
3372 101
3373 112
3374 133
3375 126
3376 132
3377 111
3378 114
3379 128
3380 112
3381 114
3382 108
3383 119
3384 106
3385 98
3386 104
3387 112
3388 119
3389 127
3390 89
3391 116
3392 97
3393 118
3394 101
3395 108
3396 113
3397 139
3398 103
3399 129
3400 116
3401 110
3402 121
3403 113
3404 122
3405 131
3406 123
3407 114
3408 112
3409 112
3410 118
3411 130
3412 126
3413 105
3414 130
3415 116
3416 100
3417 128
3418 121
3419 137
3420 121
3421 134
3422 118
3423 117
3424 119
3425 131
3426 136
3427 116
3428 106
3429 104
3430 109
3431 139
3432 112
3433 109
3434 109
3435 122
3436 86
3437 96
3438 98
3439 125
3440 121
3441 118
3442 103
3443 114
3444 90
3445 97
3446 99
3447 94
3448 97
3449 107
3450 95
3451 88
3452 90
3453 90
3454 89
3455 117
3456 104
3457 77
3458 79
3459 88
3460 87
3461 110
3462 88
3463 108
3464 93
3465 68
3466 79
3467 99
3468 73
3469 97
3470 96
3471 87
3472 88
3473 99
3474 95
3475 92
3476 95
3477 83
3478 107
3479 85
3480 100
3481 83
3482 98
3483 97
3484 90
3485 83
3486 97
3487 84
3488 84
3489 95
3490 83
3491 83
3492 90
3493 85
3494 92
3495 74
3496 82
3497 71
3498 84
3499 84
3500 80
3501 80
3502 75
3503 76
3504 81
3505 85
3506 79
3507 84
3508 75
3509 102
3510 102
3511 79
3512 100
3513 96
3514 91
3515 86
3516 85
3517 95
3518 89
3519 93
3520 84
3521 78
3522 76
3523 66
3524 70
3525 82
3526 70
3527 82
3528 79
3529 89
3530 80
3531 77
3532 84
3533 74
3534 87
3535 87
3536 90
3537 82
3538 99
3539 67
3540 77
3541 58
3542 66
3543 74
3544 77
3545 83
3546 71
3547 75
3548 92
3549 81
3550 78
3551 80
3552 87
3553 63
3554 85
3555 79
3556 88
3557 83
3558 74
3559 81
3560 89
3561 79
3562 75
3563 97
3564 78
3565 71
3566 89
3567 85
3568 82
3569 86
3570 88
3571 74
3572 80
3573 78
3574 68
3575 75
3576 80
3577 66
3578 77
3579 90
3580 85
3581 70
3582 70
3583 82
3584 70
3585 79
3586 68
3587 73
3588 77
3589 76
3590 79
3591 80
3592 71
3593 83
3594 70
3595 71
3596 82
3597 78
3598 89
3599 74
3600 80
3601 82
3602 96
3603 92
3604 76
3605 84
3606 93
3607 72
3608 91
3609 95
3610 96
3611 79
3612 102
3613 70
3614 73
3615 81
3616 83
3617 84
3618 92
3619 62
3620 82
3621 71
3622 85
3623 78
3624 88
3625 70
3626 72
3627 69
3628 75
3629 82
3630 80
3631 79
3632 89
3633 81
3634 60
3635 78
3636 68
3637 85
3638 72
3639 71
3640 95
3641 84
3642 85
3643 80
3644 65
3645 100
3646 99
3647 71
3648 84
3649 82
3650 75
3651 78
3652 77
3653 82
3654 78
3655 91
3656 78
3657 58
3658 78
3659 64
3660 78
3661 76
3662 70
3663 70
3664 86
3665 72
3666 91
3667 74
3668 76
3669 75
3670 64
3671 76
3672 81
3673 77
3674 61
3675 66
3676 63
3677 78
3678 59
3679 65
3680 75
3681 63
3682 62
3683 78
3684 68
3685 72
3686 51
3687 59
3688 58
3689 68
3690 72
3691 76
3692 65
3693 72
3694 68
3695 69
3696 60
3697 66
3698 67
3699 79
3700 72
3701 72
3702 75
3703 74
3704 74
3705 77
3706 62
3707 74
3708 73
3709 69
3710 69
3711 64
3712 68
3713 75
3714 69
3715 64
3716 71
3717 72
3718 61
3719 72
3720 88
3721 80
3722 63
3723 70
3724 71
3725 61
3726 76
3727 54
3728 67
3729 75
3730 76
3731 60
3732 67
3733 74
3734 67
3735 71
3736 66
3737 69
3738 66
3739 76
3740 71
3741 65
3742 63
3743 60
3744 71
3745 80
3746 80
3747 79
3748 60
3749 72
3750 71
3751 75
3752 73
3753 70
3754 79
3755 81
3756 79
3757 74
3758 60
3759 66
3760 67
3761 67
3762 72
3763 75
3764 55
3765 60
3766 73
3767 90
3768 72
3769 81
3770 72
3771 72
3772 61
3773 69
3774 77
3775 77
3776 69
3777 68
3778 72
3779 82
3780 73
3781 70
3782 58
3783 56
3784 54
3785 78
3786 84
3787 65
3788 86
3789 54
3790 64
3791 58
3792 55
3793 72
3794 68
3795 75
3796 66
3797 71
3798 84
3799 69
3800 80
3801 72
3802 59
3803 85
3804 58
3805 51
3806 58
3807 75
3808 68
3809 65
3810 61
3811 82
3812 70
3813 60
3814 74
3815 72
3816 65
3817 66
3818 74
3819 74
3820 59
3821 72
3822 76
3823 84
3824 68
3825 65
3826 72
3827 62
3828 67
3829 73
3830 59
3831 64
3832 68
3833 71
3834 75
3835 79
3836 75
3837 84
3838 71
3839 79
3840 66
3841 80
3842 66
3843 84
3844 90
3845 58
3846 59
3847 49
3848 57
3849 67
3850 82
3851 65
3852 65
3853 62
3854 73
3855 59
3856 52
3857 75
3858 50
3859 59
3860 73
3861 66
3862 54
3863 70
3864 77
3865 74
3866 68
3867 69
3868 75
3869 64
3870 65
3871 74
3872 60
3873 66
3874 74
3875 79
3876 58
3877 66
3878 54
3879 74
3880 82
3881 64
3882 75
3883 55
3884 52
3885 56
3886 56
3887 58
3888 59
3889 65
3890 55
3891 71
3892 58
3893 65
3894 58
3895 82
3896 57
3897 55
3898 51
3899 61
3900 68
3901 67
3902 74
3903 59
3904 62
3905 68
3906 50
3907 64
3908 59
3909 54
3910 59
3911 55
3912 69
3913 60
3914 52
3915 62
3916 78
3917 73
3918 74
3919 63
3920 71
3921 70
3922 71
3923 58
3924 78
3925 49
3926 77
3927 52
3928 68
3929 68
3930 62
3931 62
3932 66
3933 60
3934 68
3935 71
3936 70
3937 62
3938 71
3939 57
3940 68
3941 75
3942 57
3943 67
3944 58
3945 66
3946 61
3947 69
3948 59
3949 64
3950 61
3951 50
3952 67
3953 57
3954 54
3955 70
3956 66
3957 57
3958 61
3959 65
3960 76
3961 66
3962 61
3963 59
3964 53
3965 63
3966 56
3967 51
3968 70
3969 71
3970 70
3971 61
3972 68
3973 66
3974 77
3975 56
3976 67
3977 67
3978 76
3979 70
3980 59
3981 60
3982 52
3983 78
3984 69
3985 58
3986 70
3987 75
3988 71
3989 68
3990 73
3991 69
3992 61
3993 74
3994 61
3995 56
3996 72
3997 62
3998 67
3999 71
4000 65
4001 72
4002 67
4003 79
4004 57
4005 70
4006 74
4007 60
4008 62
4009 65
4010 64
4011 74
4012 51
4013 59
4014 65
4015 66
4016 64
4017 66
4018 57
4019 63
4020 49
4021 62
4022 55
4023 73
4024 68
4025 76
4026 51
4027 67
4028 55
4029 83
4030 62
4031 72
4032 69
4033 52
4034 62
4035 64
4036 60
4037 69
4038 70
4039 58
4040 71
4041 78
4042 60
4043 59
4044 76
4045 63
4046 59
4047 56
4048 58
4049 51
4050 75
4051 54
4052 66
4053 65
4054 61
4055 62
4056 59
4057 71
4058 54
4059 46
4060 64
4061 53
4062 62
4063 65
4064 60
4065 76
4066 58
4067 62
4068 56
4069 61
4070 53
4071 68
4072 48
4073 62
4074 68
4075 59
4076 76
4077 75
4078 57
4079 62
4080 72
4081 67
4082 73
4083 59
4084 61
4085 50
4086 48
4087 57
4088 55
4089 60
4090 56
4091 58
4092 62
4093 64
4094 64
4095 77
4096 67
4097 65
4098 62
4099 48
4100 59
4101 55
4102 69
4103 64
4104 54
4105 60
4106 71
4107 68
4108 66
4109 58
4110 66
4111 64
4112 67
4113 74
4114 67
4115 76
4116 56
4117 71
4118 79
4119 62
4120 53
4121 53
4122 61
4123 69
4124 64
4125 69
4126 62
4127 73
4128 66
4129 65
4130 67
4131 58
4132 60
4133 69
4134 62
4135 48
4136 53
4137 68
4138 72
4139 63
4140 64
4141 67
4142 70
4143 67
4144 77
4145 61
4146 71
4147 66
4148 71
4149 57
4150 63
4151 69
4152 85
4153 67
4154 70
4155 65
4156 71
4157 78
4158 64
4159 58
4160 75
4161 59
4162 61
4163 54
4164 54
4165 73
4166 52
4167 53
4168 69
4169 72
4170 56
4171 55
4172 66
4173 58
4174 62
4175 58
4176 59
4177 64
4178 59
4179 72
4180 61
4181 59
4182 50
4183 68
4184 49
4185 66
4186 55
4187 60
4188 63
4189 66
4190 59
4191 71
4192 63
4193 75
4194 63
4195 64
4196 85
4197 63
4198 82
4199 73
4200 58
4201 55
4202 66
4203 75
4204 42
4205 75
4206 63
4207 56
4208 68
4209 54
4210 51
4211 54
4212 50
4213 45
4214 57
4215 71
4216 62
4217 59
4218 72
4219 52
4220 51
4221 58
4222 50
4223 50
4224 71
4225 51
4226 48
4227 60
4228 65
4229 71
4230 65
4231 50
4232 53
4233 61
4234 54
4235 64
4236 55
4237 56
4238 74
4239 47
4240 74
4241 56
4242 52
4243 56
4244 62
4245 56
4246 67
4247 56
4248 52
4249 61
4250 61
4251 46
4252 72
4253 60
4254 59
4255 55
4256 62
4257 50
4258 72
4259 60
4260 55
4261 53
4262 60
4263 56
4264 59
4265 65
4266 62
4267 57
4268 61
4269 48
4270 63
4271 57
4272 52
4273 52
4274 61
4275 69
4276 58
4277 62
4278 51
4279 51
4280 40
4281 58
4282 58
4283 62
4284 67
4285 65
4286 47
4287 51
4288 65
4289 64
4290 55
4291 62
4292 56
4293 63
4294 69
4295 48
4296 69
4297 56
4298 58
4299 63
4300 65
4301 53
4302 64
4303 50
4304 54
4305 61
4306 59
4307 63
4308 64
4309 60
4310 61
4311 44
4312 60
4313 48
4314 60
4315 63
4316 58
4317 61
4318 58
4319 59
4320 47
4321 63
4322 65
4323 62
4324 64
4325 71
4326 57
4327 65
4328 59
4329 59
4330 50
4331 46
4332 65
4333 51
4334 52
4335 49
4336 55
4337 68
4338 61
4339 60
4340 67
4341 77
4342 66
4343 60
4344 64
4345 62
4346 64
4347 42
4348 46
4349 45
4350 45
4351 60
4352 66
4353 48
4354 59
4355 66
4356 48
4357 65
4358 43
4359 54
4360 50
4361 57
4362 52
4363 54
4364 55
4365 59
4366 49
4367 55
4368 49
4369 57
4370 50
4371 62
4372 47
4373 66
4374 60
4375 56
4376 69
4377 60
4378 50
4379 57
4380 58
4381 73
4382 57
4383 55
4384 67
4385 50
4386 59
4387 63
4388 65
4389 53
4390 55
4391 54
4392 62
4393 76
4394 54
4395 45
4396 50
4397 56
4398 48
4399 56
4400 52
4401 67
4402 64
4403 69
4404 51
4405 46
4406 48
4407 54
4408 67
4409 56
4410 60
4411 58
4412 50
4413 55
4414 59
4415 55
4416 54
4417 53
4418 64
4419 61
4420 53
4421 46
4422 55
4423 40
4424 41
4425 54
4426 52
4427 60
4428 53
4429 50
4430 65
4431 61
4432 51
4433 49
4434 50
4435 47
4436 58
4437 45
4438 47
4439 57
4440 57
4441 54
4442 64
4443 49
4444 48
4445 46
4446 66
4447 51
4448 58
4449 47
4450 49
4451 43
4452 61
4453 46
4454 45
4455 45
4456 59
4457 43
4458 62
4459 52
4460 52
4461 51
4462 42
4463 53
4464 47
4465 37
4466 58
4467 52
4468 49
4469 55
4470 33
4471 57
4472 54
4473 69
4474 65
4475 64
4476 55
4477 61
4478 62
4479 61
4480 63
4481 70
4482 58
4483 56
4484 53
4485 55
4486 49
4487 49
4488 44
4489 66
4490 54
4491 48
4492 57
4493 58
4494 54
4495 67
4496 61
4497 56
4498 58
4499 51
4500 50
4501 41
4502 57
4503 50
4504 63
4505 58
4506 57
4507 48
4508 55
4509 36
4510 56
4511 47
4512 69
4513 54
4514 45
4515 54
4516 57
4517 46
4518 48
4519 51
4520 51
4521 56
4522 53
4523 61
4524 44
4525 54
4526 60
4527 53
4528 49
4529 62
4530 67
4531 41
4532 48
4533 45
4534 58
4535 48
4536 48
4537 62
4538 57
4539 52
4540 44
4541 76
4542 55
4543 57
4544 54
4545 46
4546 48
4547 46
4548 45
4549 46
4550 63
4551 48
4552 70
4553 59
4554 59
4555 56
4556 45
4557 72
4558 64
4559 53
4560 53
4561 71
4562 57
4563 69
4564 56
4565 52
4566 45
4567 59
4568 75
4569 74
4570 59
4571 50
4572 72
4573 58
4574 48
4575 63
4576 71
4577 48
4578 56
4579 65
4580 65
4581 78
4582 72
4583 64
4584 67
4585 56
4586 59
4587 58
4588 67
4589 71
4590 73
4591 58
4592 57
4593 60
4594 50
4595 54
4596 59
4597 64
4598 70
4599 53
4600 47
4601 52
4602 50
4603 48
4604 49
4605 61
4606 72
4607 60
4608 48
4609 67
4610 64
4611 66
4612 59
4613 63
4614 72
4615 59
4616 47
4617 60
4618 51
4619 67
4620 59
4621 73
4622 69
4623 55
4624 58
4625 63
4626 56
4627 51
4628 53
4629 59
4630 55
4631 57
4632 72
4633 66
4634 51
4635 49
4636 56
4637 46
4638 57
4639 69
4640 65
4641 53
4642 60
4643 68
4644 56
4645 57
4646 59
4647 59
4648 50
4649 65
4650 56
4651 48
4652 60
4653 72
4654 57
4655 54
4656 56
4657 57
4658 66
4659 48
4660 57
4661 52
4662 55
4663 54
4664 65
4665 58
4666 78
4667 61
4668 53
4669 62
4670 67
4671 72
4672 60
4673 53
4674 63
4675 53
4676 63
4677 53
4678 60
4679 58
4680 75
4681 56
4682 46
4683 60
4684 45
4685 60
4686 46
4687 56
4688 63
4689 80
4690 68
4691 57
4692 69
4693 50
4694 52
4695 68
4696 56
4697 53
4698 77
4699 71
4700 60
4701 39
4702 61
4703 59
4704 53
4705 76
4706 43
4707 60
4708 59
4709 51
4710 59
4711 47
4712 62
4713 60
4714 57
4715 61
4716 52
4717 59
4718 49
4719 51
4720 78
4721 55
4722 61
4723 59
4724 53
4725 47
4726 44
4727 42
4728 46
4729 63
4730 38
4731 53
4732 56
4733 72
4734 49
4735 59
4736 57
4737 45
4738 66
4739 55
4740 60
4741 59
4742 46
4743 45
4744 50
4745 54
4746 56
4747 49
4748 64
4749 48
4750 41
4751 63
4752 43
4753 53
4754 44
4755 56
4756 67
4757 49
4758 56
4759 48
4760 55
4761 50
4762 76
4763 75
4764 47
4765 58
4766 53
4767 40
4768 46
4769 56
4770 59
4771 55
4772 69
4773 75
4774 51
4775 54
4776 69
4777 54
4778 57
4779 54
4780 47
4781 56
4782 68
4783 53
4784 44
4785 41
4786 54
4787 44
4788 52
4789 40
4790 51
4791 43
4792 47
4793 59
4794 50
4795 37
4796 36
4797 43
4798 37
4799 36
4800 45
4801 44
4802 52
4803 40
4804 63
4805 63
4806 58
4807 50
4808 41
4809 53
4810 43
4811 40
4812 46
4813 40
4814 48
4815 48
4816 53
4817 43
4818 46
4819 51
4820 47
4821 47
4822 41
4823 43
4824 46
4825 48
4826 51
4827 41
4828 37
4829 33
4830 52
4831 39
4832 46
4833 36
4834 42
4835 34
4836 34
4837 47
4838 43
4839 49
4840 46
4841 46
4842 41
4843 41
4844 43
4845 42
4846 61
4847 43
4848 50
4849 37
4850 45
4851 42
4852 36
4853 43
4854 68
4855 56
4856 39
4857 46
4858 41
4859 38
4860 48
4861 35
4862 43
4863 45
4864 40
4865 45
4866 41
4867 44
4868 29
4869 33
4870 35
4871 45
4872 27
4873 46
4874 33
4875 38
4876 36
4877 38
4878 41
4879 42
4880 42
4881 47
4882 42
4883 37
4884 41
4885 53
4886 38
4887 37
4888 29
4889 29
4890 39
4891 42
4892 35
4893 34
4894 38
4895 46
4896 29
4897 45
4898 47
4899 33
4900 39
4901 33
4902 54
4903 34
4904 42
4905 38
4906 40
4907 43
4908 43
4909 37
4910 33
4911 45
4912 50
4913 27
4914 56
4915 30
4916 46
4917 43
4918 57
4919 35
4920 42
4921 34
4922 51
4923 49
4924 33
4925 38
4926 34
4927 32
4928 47
4929 36
4930 46
4931 18
4932 35
4933 39
4934 33
4935 38
4936 45
4937 35
4938 48
4939 32
4940 36
4941 30
4942 37
4943 31
4944 42
4945 54
4946 47
4947 43
4948 51
4949 42
4950 44
4951 45
4952 48
4953 34
4954 57
4955 45
4956 38
4957 35
4958 40
4959 35
4960 32
4961 34
4962 39
4963 49
4964 48
4965 41
4966 48
4967 35
4968 41
4969 39
4970 39
4971 47
4972 38
4973 30
4974 38
4975 37
4976 37
4977 37
4978 36
4979 40
4980 26
4981 47
4982 43
4983 40
4984 30
4985 27
4986 50
4987 37
4988 40
4989 29
4990 41
4991 43
4992 58
4993 44
4994 37
4995 45
4996 47
4997 40
4998 36
4999 40
5000 38
5001 38
5002 35
5003 51
5004 42
5005 37
5006 44
5007 32
5008 43
5009 41
5010 36
5011 48
5012 33
5013 38
5014 50
5015 36
5016 50
5017 35
5018 30
5019 38
5020 33
5021 35
5022 49
5023 29
5024 34
5025 40
5026 50
5027 36
5028 44
5029 42
5030 36
5031 38
5032 40
5033 37
5034 45
5035 32
5036 43
5037 39
5038 36
5039 31
5040 46
5041 38
5042 38
5043 43
5044 38
5045 39
5046 43
5047 59
5048 33
5049 43
5050 45
5051 31
5052 42
5053 43
5054 43
5055 32
5056 41
5057 39
5058 40
5059 31
5060 36
5061 31
5062 31
5063 37
5064 42
5065 33
5066 39
5067 31
5068 41
5069 45
5070 43
5071 51
5072 45
5073 38
5074 37
5075 41
5076 50
5077 51
5078 37
5079 46
5080 37
5081 27
5082 58
5083 41
5084 39
5085 43
5086 26
5087 40
5088 36
5089 43
5090 54
5091 50
5092 47
5093 36
5094 38
5095 32
5096 44
5097 41
5098 42
5099 40
5100 33
5101 41
5102 29
5103 35
5104 34
5105 28
5106 37
5107 54
5108 39
5109 48
5110 37
5111 53
5112 43
5113 39
5114 39
5115 37
5116 33
5117 34
5118 38
5119 47
5120 31
5121 29
5122 47
5123 46
5124 42
5125 44
5126 51
5127 35
5128 32
5129 42
5130 45
5131 32
5132 48
5133 40
5134 54
5135 35
5136 40
5137 35
5138 31
5139 40
5140 40
5141 38
5142 37
5143 33
5144 39
5145 47
5146 45
5147 33
5148 41
5149 40
5150 25
5151 37
5152 35
5153 40
5154 39
5155 23
5156 36
5157 35
5158 32
5159 36
5160 36
5161 46
5162 37
5163 36
5164 39
5165 42
5166 37
5167 40
5168 45
5169 43
5170 47
5171 33
5172 39
5173 40
5174 38
5175 33
5176 32
5177 27
5178 35
5179 28
5180 31
5181 31
5182 40
5183 38
5184 38
5185 37
5186 42
5187 42
5188 40
5189 39
5190 45
5191 42
5192 31
5193 44
5194 48
5195 42
5196 40
5197 42
5198 33
5199 45
5200 45
5201 48
5202 55
5203 36
5204 37
5205 46
5206 42
5207 43
5208 35
5209 30
5210 42
5211 35
5212 36
5213 39
5214 36
5215 35
5216 31
5217 42
5218 39
5219 39
5220 35
5221 53
5222 45
5223 34
5224 35
5225 58
5226 32
5227 41
5228 37
5229 39
5230 40
5231 32
5232 31
5233 48
5234 31
5235 33
5236 35
5237 31
5238 39
5239 39
5240 52
5241 37
5242 44
5243 37
5244 38
5245 34
5246 48
5247 38
5248 51
5249 27
5250 29
5251 38
5252 37
5253 32
5254 37
5255 33
5256 41
5257 31
5258 41
5259 42
5260 42
5261 35
5262 44
5263 34
5264 37
5265 43
5266 31
5267 32
5268 36
5269 25
5270 37
5271 44
5272 30
5273 34
5274 31
5275 47
5276 44
5277 39
5278 34
5279 35
5280 36
5281 36
5282 42
5283 34
5284 51
5285 40
5286 37
5287 35
5288 37
5289 41
5290 30
5291 29
5292 43
5293 33
5294 40
5295 45
5296 38
5297 37
5298 34
5299 36
5300 37
5301 42
5302 33
5303 42
5304 36
5305 28
5306 33
5307 40
5308 34
5309 34
5310 42
5311 40
5312 41
5313 35
5314 42
5315 44
5316 34
5317 30
5318 39
5319 23
5320 40
5321 31
5322 35
5323 31
5324 39
5325 31
5326 30
5327 34
5328 38
5329 29
5330 22
5331 29
5332 46
5333 23
5334 41
5335 29
5336 42
5337 34
5338 30
5339 29
5340 38
5341 40
5342 30
5343 40
5344 36
5345 37
5346 34
5347 41
5348 32
5349 37
5350 36
5351 36
5352 48
5353 41
5354 48
5355 42
5356 43
5357 28
5358 35
5359 37
5360 30
5361 43
5362 33
5363 41
5364 38
5365 37
5366 29
5367 40
5368 39
5369 32
5370 35
5371 32
5372 32
5373 32
5374 34
5375 36
5376 36
5377 42
5378 44
5379 39
5380 41
5381 31
5382 35
5383 42
5384 30
5385 27
5386 36
5387 30
5388 30
5389 41
5390 36
5391 35
5392 42
5393 38
5394 57
5395 37
5396 31
5397 30
5398 37
5399 27
5400 32
5401 34
5402 49
5403 43
5404 42
5405 32
5406 28
5407 41
5408 42
5409 33
5410 26
5411 35
5412 34
5413 28
5414 30
5415 37
5416 44
5417 29
5418 26
5419 28
5420 27
5421 29
5422 29
5423 31
5424 35
5425 33
5426 29
5427 34
5428 39
5429 36
5430 39
5431 39
5432 39
5433 30
5434 41
5435 37
5436 42
5437 28
5438 26
5439 27
5440 32
5441 31
5442 35
5443 40
5444 38
5445 37
5446 23
5447 33
5448 29
5449 24
5450 33
5451 34
5452 39
5453 33
5454 31
5455 24
5456 35
5457 39
5458 35
5459 38
5460 28
5461 29
5462 37
5463 34
5464 39
5465 23
5466 32
5467 29
5468 28
5469 32
5470 32
5471 27
5472 38
5473 37
5474 31
5475 37
5476 38
5477 34
5478 34
5479 38
5480 34
5481 31
5482 30
5483 33
5484 44
5485 28
5486 27
5487 35
5488 30
5489 28
5490 47
5491 39
5492 35
5493 30
5494 34
5495 30
5496 26
5497 37
5498 28
5499 30
5500 23
5501 32
5502 43
5503 45
5504 39
5505 22
5506 38
5507 30
5508 31
5509 32
5510 35
5511 30
5512 35
5513 35
5514 28
5515 29
5516 32
5517 31
5518 32
5519 27
5520 36
5521 32
5522 39
5523 26
5524 25
5525 28
5526 32
5527 32
5528 30
5529 35
5530 27
5531 29
5532 29
5533 27
5534 25
5535 26
5536 38
5537 28
5538 37
5539 25
5540 36
5541 29
5542 30
5543 25
5544 44
5545 32
5546 32
5547 32
5548 39
5549 24
5550 34
5551 33
5552 33
5553 31
5554 26
5555 34
5556 24
5557 29
5558 29
5559 30
5560 29
5561 31
5562 35
5563 22
5564 29
5565 44
5566 32
5567 35
5568 32
5569 28
5570 37
5571 41
5572 31
5573 29
5574 30
5575 30
5576 35
5577 38
5578 38
5579 36
5580 36
5581 28
5582 39
5583 40
5584 31
5585 31
5586 37
5587 29
5588 34
5589 26
5590 35
5591 34
5592 38
5593 37
5594 29
5595 34
5596 27
5597 36
5598 40
5599 30
5600 36
5601 33
5602 23
5603 26
5604 34
5605 31
5606 29
5607 31
5608 40
5609 37
5610 38
5611 32
5612 41
5613 41
5614 32
5615 39
5616 30
5617 49
5618 37
5619 41
5620 29
5621 28
5622 23
5623 35
5624 38
5625 23
5626 30
5627 30
5628 36
5629 29
5630 31
5631 30
5632 37
5633 21
5634 17
5635 19
5636 33
5637 36
5638 32
5639 31
5640 24
5641 26
5642 28
5643 22
5644 24
5645 32
5646 33
5647 20
5648 26
5649 35
5650 25
5651 19
5652 31
5653 24
5654 38
5655 23
5656 27
5657 18
5658 31
5659 30
5660 21
5661 29
5662 33
5663 27
5664 32
5665 22
5666 28
5667 17
5668 27
5669 25
5670 31
5671 23
5672 33
5673 26
5674 36
5675 21
5676 32
5677 37
5678 39
5679 33
5680 44
5681 37
5682 26
5683 26
5684 19
5685 20
5686 25
5687 22
5688 28
5689 24
5690 20
5691 28
5692 15
5693 32
5694 22
5695 24
5696 18
5697 29
5698 34
5699 32
5700 26
5701 42
5702 25
5703 17
5704 30
5705 40
5706 22
5707 43
5708 30
5709 30
5710 33
5711 30
5712 22
5713 29
5714 29
5715 33
5716 33
5717 23
5718 31
5719 38
5720 40
5721 36
5722 27
5723 21
5724 34
5725 31
5726 35
5727 32
5728 29
5729 29
5730 26
5731 27
5732 23
5733 31
5734 23
5735 32
5736 31
5737 36
5738 29
5739 32
5740 25
5741 26
5742 31
5743 30
5744 34
5745 27
5746 29
5747 20
5748 23
5749 25
5750 22
5751 34
5752 28
5753 28
5754 35
5755 23
5756 19
5757 20
5758 24
5759 31
5760 22
5761 24
5762 26
5763 26
5764 31
5765 23
5766 24
5767 28
5768 28
5769 29
5770 29
5771 31
5772 26
5773 29
5774 24
5775 39
5776 33
5777 32
5778 25
5779 36
5780 31
5781 22
5782 32
5783 31
5784 22
5785 29
5786 28
5787 28
5788 31
5789 26
5790 33
5791 26
5792 34
5793 27
5794 30
5795 26
5796 37
5797 33
5798 22
5799 26
5800 30
5801 34
5802 24
5803 35
5804 37
5805 31
5806 23
5807 31
5808 15
5809 31
5810 21
5811 23
5812 27
5813 37
5814 25
5815 28
5816 25
5817 33
5818 27
5819 36
5820 30
5821 17
5822 22
5823 26
5824 32
5825 24
5826 27
5827 38
5828 26
5829 25
5830 27
5831 27
5832 40
5833 21
5834 29
5835 21
5836 21
5837 28
5838 28
5839 25
5840 36
5841 29
5842 28
5843 23
5844 32
5845 33
5846 30
5847 37
5848 38
5849 25
5850 23
5851 25
5852 27
5853 23
5854 30
5855 22
5856 37
5857 25
5858 28
5859 21
5860 33
5861 30
5862 36
5863 25
5864 29
5865 22
5866 25
5867 22
5868 21
5869 20
5870 27
5871 24
5872 23
5873 30
5874 22
5875 26
5876 39
5877 26
5878 17
5879 23
5880 25
5881 28
5882 39
5883 38
5884 31
5885 25
5886 24
5887 26
5888 27
5889 27
5890 29
5891 22
5892 28
5893 24
5894 21
5895 24
5896 29
5897 18
5898 22
5899 30
5900 18
5901 27
5902 23
5903 25
5904 23
5905 27
5906 22
5907 20
5908 25
5909 17
5910 33
5911 28
5912 29
5913 26
5914 33
5915 29
5916 35
5917 37
5918 20
5919 26
5920 15
5921 28
5922 27
5923 25
5924 20
5925 27
5926 24
5927 14
5928 31
5929 30
5930 26
5931 26
5932 21
5933 20
5934 21
5935 17
5936 25
5937 29
5938 21
5939 23
5940 33
5941 23
5942 30
5943 26
5944 36
5945 33
5946 25
5947 27
5948 28
5949 30
5950 21
5951 28
5952 26
5953 27
5954 24
5955 25
5956 21
5957 18
5958 29
5959 28
5960 28
5961 20
5962 31
5963 27
5964 19
5965 31
5966 25
5967 29
5968 37
5969 27
5970 22
5971 22
5972 29
5973 30
5974 27
5975 23
5976 21
5977 27
5978 34
5979 20
5980 21
5981 20
5982 23
5983 23
5984 13
5985 25
5986 27
5987 22
5988 24
5989 22
5990 26
5991 26
5992 22
5993 25
5994 31
5995 19
5996 33
5997 24
5998 30
5999 21
6000 15
6001 22
6002 22
6003 26
6004 19
6005 25
6006 11
6007 17
6008 27
6009 20
6010 18
6011 28
6012 21
6013 27
6014 27
6015 22
6016 27
6017 29
6018 24
6019 25
6020 28
6021 31
6022 24
6023 21
6024 19
6025 22
6026 23
6027 26
6028 15
6029 26
6030 14
6031 15
6032 23
6033 24
6034 22
6035 21
6036 24
6037 19
6038 16
6039 16
6040 19
6041 19
6042 32
6043 28
6044 27
6045 19
6046 23
6047 25
6048 19
6049 22
6050 23
6051 23
6052 18
6053 20
6054 20
6055 30
6056 20
6057 28
6058 21
6059 35
6060 21
6061 28
6062 19
6063 19
6064 30
6065 18
6066 14
6067 20
6068 21
6069 20
6070 21
6071 27
6072 30
6073 22
6074 19
6075 15
6076 24
6077 21
6078 18
6079 22
6080 14
6081 19
6082 18
6083 12
6084 19
6085 15
6086 15
6087 17
6088 16
6089 22
6090 21
6091 23
6092 19
6093 19
6094 24
6095 28
6096 17
6097 23
6098 18
6099 19
6100 24
6101 20
6102 24
6103 27
6104 23
6105 21
6106 20
6107 28
6108 29
6109 17
6110 33
6111 26
6112 20
6113 22
6114 19
6115 25
6116 18
6117 16
6118 15
6119 20
6120 21
6121 21
6122 28
6123 19
6124 20
6125 24
6126 28
6127 23
6128 22
6129 22
6130 34
6131 24
6132 27
6133 23
6134 25
6135 11
6136 21
6137 20
6138 20
6139 19
6140 20
6141 21
6142 28
6143 16
6144 19
6145 24
6146 16
6147 18
6148 21
6149 27
6150 24
6151 21
6152 23
6153 14
6154 22
6155 21
6156 31
6157 21
6158 27
6159 26
6160 19
6161 28
6162 23
6163 16
6164 25
6165 30
6166 16
6167 22
6168 23
6169 25
6170 19
6171 21
6172 19
6173 18
6174 20
6175 24
6176 25
6177 18
6178 32
6179 27
6180 31
6181 20
6182 24
6183 15
6184 19
6185 22
6186 17
6187 25
6188 19
6189 21
6190 22
6191 22
6192 18
6193 17
6194 18
6195 27
6196 17
6197 27
6198 14
6199 21
6200 21
6201 23
6202 29
6203 31
6204 22
6205 25
6206 24
6207 21
6208 24
6209 15
6210 29
6211 27
6212 21
6213 36
6214 28
6215 29
6216 30
6217 23
6218 27
6219 26
6220 25
6221 11
6222 22
6223 19
6224 19
6225 21
6226 27
6227 21
6228 19
6229 16
6230 28
6231 11
6232 22
6233 21
6234 19
6235 20
6236 21
6237 27
6238 22
6239 26
6240 25
6241 29
6242 32
6243 18
6244 19
6245 21
6246 22
6247 24
6248 22
6249 21
6250 31
6251 16
6252 21
6253 10
6254 23
6255 30
6256 20
6257 20
6258 12
6259 22
6260 14
6261 15
6262 19
6263 15
6264 16
6265 27
6266 22
6267 20
6268 19
6269 16
6270 19
6271 18
6272 16
6273 13
6274 26
6275 34
6276 15
6277 19
6278 14
6279 23
6280 25
6281 13
6282 26
6283 19
6284 25
6285 18
6286 28
6287 17
6288 25
6289 18
6290 20
6291 30
6292 36
6293 18
6294 29
6295 18
6296 22
6297 19
6298 16
6299 19
6300 18
6301 18
6302 19
6303 18
6304 20
6305 27
6306 13
6307 16
6308 30
6309 16
6310 19
6311 21
6312 18
6313 21
6314 14
6315 21
6316 24
6317 16
6318 18
6319 14
6320 16
6321 15
6322 13
6323 21
6324 18
6325 23
6326 13
6327 24
6328 13
6329 27
6330 11
6331 19
6332 23
6333 18
6334 22
6335 21
6336 22
6337 17
6338 26
6339 17
6340 23
6341 21
6342 22
6343 25
6344 25
6345 23
6346 20
6347 21
6348 17
6349 16
6350 13
6351 22
6352 24
6353 24
6354 14
6355 19
6356 15
6357 14
6358 20
6359 24
6360 22
6361 30
6362 11
6363 19
6364 11
6365 13
6366 19
6367 20
6368 28
6369 19
6370 29
6371 24
6372 22
6373 22
6374 20
6375 27
6376 25
6377 22
6378 25
6379 12
6380 15
6381 20
6382 21
6383 26
6384 18
6385 15
6386 24
6387 26
6388 15
6389 22
6390 24
6391 21
6392 23
6393 19
6394 18
6395 16
6396 26
6397 12
6398 22
6399 29
6400 22
6401 22
6402 18
6403 21
6404 16
6405 22
6406 21
6407 14
6408 24
6409 10
6410 16
6411 18
6412 18
6413 23
6414 18
6415 23
6416 16
6417 15
6418 17
6419 27
6420 25
6421 24
6422 12
6423 21
6424 24
6425 22
6426 23
6427 16
6428 15
6429 18
6430 17
6431 15
6432 15
6433 23
6434 19
6435 21
6436 17
6437 26
6438 18
6439 21
6440 20
6441 14
6442 23
6443 12
6444 15
6445 20
6446 19
6447 16
6448 25
6449 24
6450 26
6451 19
6452 17
6453 19
6454 15
6455 18
6456 19
6457 19
6458 16
6459 20
6460 19
6461 34
6462 22
6463 25
6464 16
6465 19
6466 26
6467 17
6468 19
6469 19
6470 19
6471 21
6472 22
6473 26
6474 19
6475 20
6476 19
6477 18
6478 20
6479 16
6480 25
6481 18
6482 17
6483 18
6484 12
6485 20
6486 12
6487 15
6488 15
6489 11
6490 24
6491 20
6492 18
6493 18
6494 7
6495 16
6496 14
6497 21
6498 20
6499 17
6500 22
6501 23
6502 22
6503 38
6504 17
6505 25
6506 21
6507 21
6508 13
6509 18
6510 25
6511 18
6512 23
6513 17
6514 23
6515 26
6516 18
6517 16
6518 21
6519 22
6520 20
6521 20
6522 18
6523 22
6524 17
6525 14
6526 18
6527 19
6528 14
6529 12
6530 21
6531 24
6532 34
6533 25
6534 23
6535 12
6536 18
6537 28
6538 14
6539 13
6540 20
6541 16
6542 24
6543 23
6544 24
6545 24
6546 19
6547 15
6548 15
6549 15
6550 22
6551 14
6552 17
6553 22
6554 20
6555 18
6556 14
6557 23
6558 28
6559 12
6560 14
6561 15
6562 17
6563 31
6564 22
6565 17
6566 26
6567 11
6568 20
6569 23
6570 12
6571 26
6572 29
6573 13
6574 16
6575 14
6576 19
6577 19
6578 29
6579 22
6580 25
6581 18
6582 27
6583 22
6584 23
6585 24
6586 25
6587 15
6588 25
6589 14
6590 27
6591 26
6592 22
6593 22
6594 28
6595 15
6596 23
6597 14
6598 16
6599 23
6600 24
6601 18
6602 20
6603 20
6604 18
6605 20
6606 29
6607 23
6608 13
6609 19
6610 18
6611 28
6612 21
6613 17
6614 23
6615 22
6616 18
6617 18
6618 16
6619 26
6620 18
6621 19
6622 19
6623 24
6624 20
6625 15
6626 18
6627 21
6628 13
6629 22
6630 22
6631 20
6632 26
6633 26
6634 17
6635 21
6636 15
6637 29
6638 24
6639 26
6640 24
6641 19
6642 19
6643 18
6644 23
6645 17
6646 28
6647 29
6648 13
6649 18
6650 19
6651 27
6652 20
6653 18
6654 25
6655 9
6656 25
6657 19
6658 15
6659 20
6660 27
6661 22
6662 22
6663 19
6664 29
6665 17
6666 12
6667 15
6668 16
6669 20
6670 19
6671 13
6672 19
6673 25
6674 14
6675 16
6676 23
6677 28
6678 19
6679 25
6680 24
6681 20
6682 18
6683 22
6684 27
6685 21
6686 21
6687 23
6688 19
6689 15
6690 28
6691 18
6692 24
6693 12
6694 14
6695 17
6696 18
6697 19
6698 28
6699 22
6700 18
6701 11
6702 15
6703 22
6704 25
6705 22
6706 24
6707 21
6708 25
6709 17
6710 19
6711 17
6712 17
6713 22
6714 27
6715 19
6716 21
6717 27
6718 21
6719 25
6720 28
6721 22
6722 19
6723 15
6724 16
6725 23
6726 15
6727 21
6728 24
6729 23
6730 17
6731 20
6732 33
6733 32
6734 16
6735 15
6736 29
6737 20
6738 19
6739 22
6740 20
6741 18
6742 22
6743 26
6744 24
6745 21
6746 25
6747 22
6748 27
6749 20
6750 21
6751 19
6752 24
6753 21
6754 25
6755 17
6756 26
6757 27
6758 24
6759 16
6760 24
6761 25
6762 22
6763 22
6764 16
6765 25
6766 19
6767 25
6768 21
6769 27
6770 22
6771 27
6772 28
6773 21
6774 28
6775 26
6776 24
6777 22
6778 24
6779 22
6780 21
6781 26
6782 22
6783 24
6784 27
6785 23
6786 19
6787 28
6788 25
6789 25
6790 24
6791 24
6792 18
6793 37
6794 18
6795 21
6796 26
6797 20
6798 26
6799 19
6800 21
6801 31
6802 29
6803 20
6804 23
6805 33
6806 15
6807 28
6808 23
6809 21
6810 24
6811 32
6812 23
6813 26
6814 20
6815 17
6816 29
6817 26
6818 16
6819 20
6820 25
6821 24
6822 17
6823 29
6824 26
6825 27
6826 24
6827 27
6828 29
6829 24
6830 24
6831 24
6832 27
6833 27
6834 28
6835 26
6836 22
6837 19
6838 24
6839 25
6840 22
6841 25
6842 16
6843 19
6844 26
6845 19
6846 28
6847 27
6848 26
6849 31
6850 29
6851 28
6852 38
6853 23
6854 30
6855 35
6856 30
6857 24
6858 43
6859 32
6860 32
6861 22
6862 26
6863 36
6864 28
6865 22
6866 25
6867 31
6868 18
6869 22
6870 35
6871 37
6872 35
6873 31
6874 23
6875 28
6876 27
6877 29
6878 31
6879 21
6880 35
6881 38
6882 44
6883 29
6884 22
6885 27
6886 35
6887 23
6888 19
6889 31
6890 26
6891 36
6892 21
6893 31
6894 27
6895 26
6896 23
6897 24
6898 28
6899 22
6900 18
6901 39
6902 29
6903 24
6904 29
6905 31
6906 21
6907 24
6908 26
6909 26
6910 25
6911 26
6912 27
6913 28
6914 16
6915 23
6916 22
6917 28
6918 25
6919 26
6920 23
6921 28
6922 29
6923 33
6924 16
6925 26
6926 30
6927 29
6928 30
6929 28
6930 29
6931 19
6932 22
6933 19
6934 32
6935 27
6936 28
6937 20
6938 15
6939 21
6940 16
6941 33
6942 30
6943 28
6944 18
6945 25
6946 24
6947 34
6948 23
6949 21
6950 23
6951 21
6952 22
6953 29
6954 26
6955 27
6956 19
6957 28
6958 31
6959 27
6960 35
6961 34
6962 25
6963 31
6964 33
6965 31
6966 17
6967 20
6968 44
6969 35
6970 35
6971 32
6972 37
6973 40
6974 27
6975 34
6976 14
6977 24
6978 31
6979 25
6980 33
6981 27
6982 14
6983 28
6984 30
6985 30
6986 28
6987 21
6988 30
6989 40
6990 24
6991 32
6992 35
6993 35
6994 31
6995 29
6996 20
6997 17
6998 18
6999 30
7000 27
7001 26
7002 17
7003 21
7004 33
7005 20
7006 29
7007 22
7008 29
7009 33
7010 27
7011 28
7012 21
7013 28
7014 30
7015 27
7016 28
7017 25
7018 30
7019 21
7020 29
7021 24
7022 30
7023 20
7024 26
7025 25
7026 30
7027 23
7028 15
7029 28
7030 21
7031 30
7032 20
7033 34
7034 20
7035 36
7036 24
7037 28
7038 20
7039 23
7040 19
7041 23
7042 29
7043 27
7044 24
7045 21
7046 25
7047 27
7048 19
7049 15
7050 32
7051 25
7052 24
7053 19
7054 22
7055 27
7056 15
7057 25
7058 16
7059 24
7060 18
7061 20
7062 23
7063 20
7064 20
7065 25
7066 28
7067 16
7068 25
7069 23
7070 25
7071 30
7072 24
7073 25
7074 18
7075 20
7076 16
7077 25
7078 19
7079 25
7080 22
7081 26
7082 33
7083 26
7084 25
7085 25
7086 24
7087 15
7088 25
7089 25
7090 23
7091 21
7092 28
7093 25
7094 15
7095 16
7096 21
7097 23
7098 14
7099 20
7100 27
7101 26
7102 17
7103 21
7104 19
7105 24
7106 19
7107 30
7108 25
7109 20
7110 15
7111 20
7112 32
7113 22
7114 20
7115 27
7116 32
7117 31
7118 27
7119 25
7120 19
7121 14
7122 22
7123 20
7124 19
7125 22
7126 18
7127 18
7128 21
7129 26
7130 19
7131 19
7132 18
7133 23
7134 17
7135 20
7136 19
7137 18
7138 30
7139 14
7140 20
7141 24
7142 23
7143 23
7144 25
7145 13
7146 25
7147 22
7148 19
7149 24
7150 19
7151 31
7152 33
7153 25
7154 16
7155 21
7156 30
7157 22
7158 16
7159 16
7160 24
7161 18
7162 25
7163 31
7164 25
7165 23
7166 27
7167 12
7168 21
7169 23
7170 17
7171 12
7172 21
7173 20
7174 18
7175 22
7176 26
7177 27
7178 28
7179 17
7180 17
7181 18
7182 16
7183 19
7184 24
7185 24
7186 18
7187 19
7188 17
7189 21
7190 25
7191 28
7192 19
7193 25
7194 19
7195 21
7196 28
7197 24
7198 28
7199 20
7200 18
7201 22
7202 25
7203 24
7204 21
7205 17
7206 20
7207 17
7208 17
7209 19
7210 13
7211 22
7212 28
7213 21
7214 22
7215 16
7216 16
7217 19
7218 29
7219 18
7220 20
7221 21
7222 20
7223 23
7224 20
7225 21
7226 14
7227 19
7228 27
7229 20
7230 25
7231 29
7232 20
7233 16
7234 29
7235 26
7236 22
7237 21
7238 24
7239 13
7240 23
7241 19
7242 21
7243 21
7244 13
7245 25
7246 28
7247 16
7248 22
7249 18
7250 22
7251 19
7252 17
7253 28
7254 20
7255 33
7256 23
7257 22
7258 22
7259 25
7260 17
7261 25
7262 27
7263 26
7264 22
7265 17
7266 20
7267 17
7268 21
7269 23
7270 18
7271 15
7272 24
7273 21
7274 17
7275 25
7276 19
7277 17
7278 18
7279 21
7280 15
7281 16
7282 14
7283 17
7284 15
7285 26
7286 20
7287 36
7288 18
7289 21
7290 20
7291 18
7292 18
7293 16
7294 18
7295 14
7296 27
7297 14
7298 20
7299 13
7300 15
7301 24
7302 11
7303 20
7304 22
7305 25
7306 24
7307 27
7308 21
7309 24
7310 27
7311 27
7312 21
7313 21
7314 20
7315 20
7316 23
7317 17
7318 14
7319 22
7320 21
7321 18
7322 18
7323 15
7324 19
7325 16
7326 27
7327 18
7328 21
7329 17
7330 21
7331 25
7332 16
7333 15
7334 19
7335 25
7336 22
7337 20
7338 18
7339 16
7340 19
7341 23
7342 16
7343 25
7344 15
7345 16
7346 22
7347 19
7348 22
7349 18
7350 26
7351 16
7352 15
7353 18
7354 20
7355 24
7356 27
7357 13
7358 19
7359 13
7360 22
7361 18
7362 16
7363 12
7364 23
7365 21
7366 13
7367 5
7368 11
7369 16
7370 17
7371 19
7372 15
7373 17
7374 7
7375 14
7376 20
7377 22
7378 16
7379 19
7380 23
7381 18
7382 13
7383 18
7384 20
7385 26
7386 11
7387 18
7388 18
7389 21
7390 21
7391 20
7392 18
7393 21
7394 18
7395 17
7396 16
7397 23
7398 22
7399 10
7400 20
7401 14
7402 19
7403 15
7404 20
7405 14
7406 17
7407 16
7408 20
7409 22
7410 17
7411 21
7412 24
7413 13
7414 17
7415 21
7416 18
7417 18
7418 12
7419 25
7420 14
7421 24
7422 13
7423 27
7424 20
7425 18
7426 18
7427 16
7428 21
7429 16
7430 20
7431 18
7432 20
7433 29
7434 19
7435 15
7436 24
7437 15
7438 20
7439 10
7440 16
7441 22
7442 19
7443 14
7444 17
7445 19
7446 20
7447 27
7448 19
7449 20
7450 22
7451 16
7452 21
7453 19
7454 19
7455 21
7456 22
7457 15
7458 22
7459 25
7460 16
7461 19
7462 17
7463 16
7464 18
7465 18
7466 23
7467 25
7468 12
7469 17
7470 20
7471 20
7472 17
7473 30
7474 21
7475 23
7476 13
7477 26
7478 19
7479 25
7480 17
7481 22
7482 21
7483 21
7484 12
7485 18
7486 26
7487 20
7488 22
7489 15
7490 16
7491 15
7492 19
7493 16
7494 15
7495 16
7496 20
7497 12
7498 11
7499 20
7500 13
7501 15
7502 17
7503 19
7504 20
7505 24
7506 15
7507 16
7508 15
7509 16
7510 12
7511 22
7512 13
7513 15
7514 14
7515 15
7516 22
7517 13
7518 15
7519 16
7520 12
7521 24
7522 18
7523 23
7524 22
7525 23
7526 19
7527 18
7528 27
7529 16
7530 26
7531 19
7532 15
7533 17
7534 11
7535 17
7536 21
7537 24
7538 22
7539 14
7540 22
7541 13
7542 23
7543 19
7544 19
7545 15
7546 23
7547 13
7548 22
7549 16
7550 19
7551 16
7552 15
7553 8
7554 26
7555 19
7556 16
7557 12
7558 15
7559 16
7560 19
7561 16
7562 21
7563 21
7564 17
7565 15
7566 19
7567 19
7568 25
7569 15
7570 24
7571 16
7572 24
7573 25
7574 17
7575 17
7576 17
7577 20
7578 15
7579 22
7580 25
7581 18
7582 23
7583 18
7584 14
7585 15
7586 17
7587 9
7588 17
7589 20
7590 18
7591 16
7592 13
7593 18
7594 18
7595 18
7596 17
7597 20
7598 19
7599 16
7600 17
7601 16
7602 22
7603 16
7604 14
7605 18
7606 19
7607 21
7608 16
7609 18
7610 13
7611 16
7612 15
7613 15
7614 19
7615 17
7616 18
7617 15
7618 13
7619 18
7620 12
7621 15
7622 19
7623 11
7624 16
7625 17
7626 23
7627 17
7628 20
7629 18
7630 19
7631 20
7632 15
7633 20
7634 22
7635 16
7636 17
7637 20
7638 15
7639 16
7640 16
7641 22
7642 22
7643 21
7644 13
7645 18
7646 18
7647 18
7648 13
7649 19
7650 18
7651 18
7652 8
7653 11
7654 12
7655 17
7656 11
7657 19
7658 14
7659 15
7660 12
7661 13
7662 13
7663 13
7664 14
7665 19
7666 9
7667 20
7668 12
7669 14
7670 15
7671 19
7672 9
7673 17
7674 14
7675 13
7676 13
7677 9
7678 17
7679 20
7680 16
7681 15
7682 12
7683 17
7684 17
7685 15
7686 16
7687 20
7688 12
7689 15
7690 15
7691 17
7692 14
7693 15
7694 12
7695 20
7696 18
7697 8
7698 18
7699 18
7700 17
7701 11
7702 15
7703 10
7704 14
7705 22
7706 18
7707 16
7708 13
7709 13
7710 13
7711 18
7712 18
7713 18
7714 13
7715 13
7716 10
7717 13
7718 16
7719 13
7720 10
7721 22
7722 20
7723 15
7724 23
7725 15
7726 19
7727 13
7728 21
7729 9
7730 16
7731 14
7732 20
7733 13
7734 8
7735 19
7736 7
7737 15
7738 12
7739 17
7740 17
7741 12
7742 16
7743 18
7744 12
7745 11
7746 12
7747 21
7748 18
7749 17
7750 17
7751 12
7752 19
7753 13
7754 13
7755 14
7756 21
7757 19
7758 15
7759 11
7760 8
7761 14
7762 13
7763 20
7764 18
7765 9
7766 9
7767 12
7768 12
7769 12
7770 17
7771 19
7772 12
7773 11
7774 13
7775 16
7776 17
7777 16
7778 12
7779 14
7780 10
7781 13
7782 17
7783 11
7784 15
7785 13
7786 16
7787 10
7788 19
7789 16
7790 10
7791 14
7792 7
7793 10
7794 11
7795 16
7796 14
7797 20
7798 10
7799 11
7800 16
7801 11
7802 18
7803 16
7804 10
7805 12
7806 17
7807 12
7808 18
7809 25
7810 11
7811 26
7812 7
7813 7
7814 12
7815 13
7816 22
7817 7
7818 22
7819 14
7820 14
7821 19
7822 2
7823 15
7824 21
7825 19
7826 19
7827 15
7828 16
7829 13
7830 7
7831 20
7832 10
7833 19
7834 13
7835 18
7836 9
7837 17
7838 16
7839 13
7840 14
7841 14
7842 15
7843 12
7844 8
7845 11
7846 8
7847 11
7848 8
7849 12
7850 14
7851 18
7852 12
7853 10
7854 17
7855 14
7856 15
7857 9
7858 13
7859 13
7860 12
7861 12
7862 10
7863 12
7864 16
7865 13
7866 10
7867 14
7868 20
7869 10
7870 11
7871 9
7872 20
7873 14
7874 14
7875 12
7876 14
7877 12
7878 9
7879 17
7880 12
7881 11
7882 11
7883 10
7884 10
7885 12
7886 10
7887 16
7888 13
7889 18
7890 12
7891 13
7892 11
7893 16
7894 15
7895 10
7896 10
7897 11
7898 10
7899 12
7900 16
7901 15
7902 13
7903 20
7904 18
7905 12
7906 17
7907 15
7908 13
7909 12
7910 15
7911 11
7912 15
7913 17
7914 8
7915 15
7916 16
7917 11
7918 9
7919 21
7920 16
7921 12
7922 8
7923 9
7924 16
7925 15
7926 8
7927 17
7928 13
7929 13
7930 12
7931 10
7932 11
7933 7
7934 18
7935 21
7936 9
7937 14
7938 10
7939 17
7940 14
7941 14
7942 10
7943 15
7944 16
7945 12
7946 11
7947 9
7948 10
7949 13
7950 12
7951 12
7952 11
7953 10
7954 14
7955 15
7956 19
7957 10
7958 13
7959 12
7960 13
7961 17
7962 15
7963 22
7964 10
7965 20
7966 19
7967 11
7968 11
7969 20
7970 13
7971 10
7972 18
7973 12
7974 17
7975 13
7976 13
7977 5
7978 12
7979 17
7980 15
7981 17
7982 13
7983 18
7984 11
7985 20
7986 9
7987 17
7988 9
7989 10
7990 12
7991 11
7992 5
7993 11
7994 20
7995 9
7996 15
7997 12
7998 10
7999 14
8000 6
8001 9
8002 16
8003 10
8004 8
8005 10
8006 9
8007 10
8008 10
8009 22
8010 10
8011 14
8012 11
8013 12
8014 8
8015 11
8016 14
8017 16
8018 18
8019 8
8020 9
8021 9
8022 11
8023 14
8024 8
8025 12
8026 13
8027 17
8028 16
8029 14
8030 12
8031 13
8032 15
8033 12
8034 13
8035 6
8036 20
8037 14
8038 18
8039 9
8040 8
8041 13
8042 9
8043 13
8044 6
8045 12
8046 9
8047 12
8048 11
8049 13
8050 9
8051 9
8052 9
8053 17
8054 10
8055 12
8056 17
8057 8
8058 13
8059 10
8060 13
8061 10
8062 10
8063 7
8064 7
8065 7
8066 7
8067 8
8068 12
8069 17
8070 10
8071 12
8072 16
8073 11
8074 10
8075 13
8076 16
8077 8
8078 9
8079 11
8080 20
8081 17
8082 11
8083 8
8084 7
8085 10
8086 16
8087 16
8088 8
8089 10
8090 20
8091 12
8092 15
8093 12
8094 26
8095 13
8096 11
8097 10
8098 15
8099 11
8100 12
8101 19
8102 15
8103 11
8104 18
8105 17
8106 10
8107 17
8108 11
8109 16
8110 10
8111 16
8112 11
8113 16
8114 19
8115 18
8116 16
8117 12
8118 24
8119 15
8120 13
8121 16
8122 13
8123 11
8124 13
8125 18
8126 11
8127 10
8128 13
8129 14
8130 13
8131 10
8132 13
8133 13
8134 12
8135 13
8136 17
8137 18
8138 12
8139 17
8140 9
8141 11
8142 15
8143 14
8144 15
8145 12
8146 9
8147 7
8148 9
8149 12
8150 10
8151 13
8152 12
8153 9
8154 10
8155 8
8156 16
8157 14
8158 13
8159 10
8160 13
8161 7
8162 12
8163 13
8164 16
8165 16
8166 8
8167 16
8168 14
8169 13
8170 10
8171 11
8172 10
8173 16
8174 6
8175 14
8176 20
8177 8
8178 12
8179 12
8180 13
8181 17
8182 11
8183 14
8184 15
8185 13
8186 13
8187 23
8188 11
8189 9
8190 13
8191 8
8192 21
8193 15
8194 15
8195 15
8196 16
8197 13
8198 7
8199 14
8200 12
8201 8
8202 9
8203 12
8204 10
8205 12
8206 13
8207 13
8208 12
8209 19
8210 21
8211 11
8212 8
8213 19
8214 13
8215 7
8216 14
8217 17
8218 10
8219 8
8220 6
8221 11
8222 13
8223 16
8224 9
8225 10
8226 9
8227 11
8228 13
8229 11
8230 14
8231 10
8232 12
8233 8
8234 16
8235 9
8236 7
8237 10
8238 10
8239 7
8240 12
8241 11
8242 14
8243 11
8244 11
8245 12
8246 10
8247 17
8248 12
8249 15
8250 10
8251 13
8252 10
8253 7
8254 9
8255 7
8256 14
8257 21
8258 10
8259 10
8260 11
8261 8
8262 10
8263 20
8264 8
8265 16
8266 12
8267 18
8268 8
8269 15
8270 8
8271 5
8272 20
8273 15
8274 14
8275 17
8276 14
8277 13
8278 9
8279 14
8280 13
8281 13
8282 10
8283 6
8284 11
8285 12
8286 10
8287 19
8288 13
8289 9
8290 8
8291 11
8292 10
8293 12
8294 8
8295 8
8296 10
8297 6
8298 13
8299 13
8300 16
8301 9
8302 11
8303 14
8304 7
8305 11
8306 5
8307 10
8308 14
8309 10
8310 11
8311 9
8312 11
8313 16
8314 10
8315 12
8316 10
8317 4
8318 13
8319 15
8320 9
8321 8
8322 20
8323 11
8324 6
8325 8
8326 8
8327 12
8328 13
8329 15
8330 11
8331 7
8332 11
8333 6
8334 6
8335 8
8336 9
8337 7
8338 8
8339 11
8340 10
8341 7
8342 11
8343 9
8344 10
8345 12
8346 6
8347 10
8348 8
8349 11
8350 8
8351 14
8352 14
8353 9
8354 8
8355 12
8356 13
8357 11
8358 12
8359 5
8360 11
8361 11
8362 7
8363 6
8364 16
8365 13
8366 8
8367 11
8368 16
8369 13
8370 11
8371 15
8372 15
8373 9
8374 15
8375 13
8376 11
8377 11
8378 11
8379 12
8380 9
8381 16
8382 5
8383 14
8384 12
8385 13
8386 16
8387 10
8388 18
8389 15
8390 7
8391 16
8392 12
8393 12
8394 7
8395 15
8396 11
8397 7
8398 10
8399 16
8400 6
8401 10
8402 12
8403 4
8404 12
8405 13
8406 15
8407 8
8408 6
8409 9
8410 9
8411 7
8412 7
8413 10
8414 12
8415 10
8416 18
8417 11
8418 14
8419 12
8420 9
8421 9
8422 9
8423 14
8424 17
8425 10
8426 10
8427 11
8428 11
8429 11
8430 15
8431 10
8432 9
8433 11
8434 7
8435 14
8436 15
8437 15
8438 9
8439 16
8440 18
8441 14
8442 13
8443 13
8444 15
8445 12
8446 16
8447 15
8448 10
8449 6
8450 10
8451 10
8452 11
8453 8
8454 9
8455 10
8456 12
8457 14
8458 8
8459 7
8460 17
8461 14
8462 16
8463 13
8464 18
8465 10
8466 8
8467 13
8468 17
8469 16
8470 15
8471 10
8472 17
8473 20
8474 9
8475 13
8476 17
8477 8
8478 8
8479 12
8480 9
8481 11
8482 11
8483 11
8484 13
8485 10
8486 10
8487 15
8488 12
8489 17
8490 15
8491 9
8492 10
8493 8
8494 10
8495 14
8496 13
8497 12
8498 10
8499 4
8500 8
8501 10
8502 8
8503 18
8504 11
8505 10
8506 7
8507 9
8508 7
8509 7
8510 16
8511 9
8512 14
8513 14
8514 14
8515 6
8516 10
8517 10
8518 9
8519 10
8520 7
8521 12
8522 17
8523 7
8524 10
8525 7
8526 12
8527 10
8528 8
8529 16
8530 10
8531 8
8532 11
8533 16
8534 10
8535 8
8536 7
8537 13
8538 10
8539 9
8540 9
8541 15
8542 14
8543 13
8544 11
8545 13
8546 13
8547 13
8548 11
8549 10
8550 17
8551 9
8552 5
8553 9
8554 13
8555 10
8556 13
8557 6
8558 17
8559 7
8560 16
8561 14
8562 13
8563 12
8564 6
8565 11
8566 10
8567 11
8568 13
8569 19
8570 12
8571 7
8572 9
8573 12
8574 11
8575 13
8576 13
8577 7
8578 13
8579 5
8580 19
8581 10
8582 11
8583 6
8584 12
8585 13
8586 15
8587 15
8588 10
8589 14
8590 12
8591 12
8592 17
8593 9
8594 15
8595 7
8596 8
8597 9
8598 16
8599 5
8600 12
8601 11
8602 9
8603 14
8604 12
8605 11
8606 11
8607 10
8608 13
8609 15
8610 12
8611 6
8612 10
8613 13
8614 9
8615 8
8616 18
8617 8
8618 6
8619 9
8620 10
8621 15
8622 10
8623 11
8624 13
8625 14
8626 8
8627 7
8628 17
8629 14
8630 10
8631 11
8632 14
8633 11
8634 6
8635 15
8636 14
8637 9
8638 7
8639 7
8640 6
8641 8
8642 7
8643 8
8644 10
8645 13
8646 14
8647 7
8648 13
8649 13
8650 8
8651 11
8652 5
8653 13
8654 5
8655 4
8656 11
8657 12
8658 13
8659 12
8660 11
8661 10
8662 7
8663 6
8664 15
8665 9
8666 6
8667 12
8668 10
8669 7
8670 8
8671 7
8672 5
8673 7
8674 5
8675 9
8676 12
8677 12
8678 13
8679 11
8680 10
8681 10
8682 11
8683 4
8684 10
8685 12
8686 6
8687 14
8688 7
8689 11
8690 12
8691 12
8692 18
8693 13
8694 11
8695 13
8696 12
8697 15
8698 9
8699 9
8700 9
8701 8
8702 8
8703 6
8704 10
8705 10
8706 11
8707 12
8708 12
8709 3
8710 6
8711 10
8712 10
8713 9
8714 10
8715 9
8716 9
8717 7
8718 5
8719 14
8720 11
8721 13
8722 9
8723 8
8724 7
8725 7
8726 9
8727 10
8728 8
8729 15
8730 9
8731 10
8732 15
8733 9
8734 16
8735 11
8736 10
8737 9
8738 17
8739 9
8740 15
8741 11
8742 4
8743 8
8744 13
8745 4
8746 9
8747 6
8748 6
8749 10
8750 7
8751 8
8752 13
8753 14
8754 12
8755 13
8756 6
8757 8
8758 10
8759 5
8760 10
8761 11
8762 8
8763 6
8764 7
8765 8
8766 8
8767 12
8768 10
8769 13
8770 6
8771 11
8772 10
8773 16
8774 17
8775 12
8776 16
8777 11
8778 13
8779 13
8780 12
8781 12
8782 10
8783 14
8784 8
8785 9
8786 13
8787 18
8788 8
8789 5
8790 9
8791 9
8792 9
8793 13
8794 7
8795 7
8796 12
8797 11
8798 5
8799 6
8800 10
8801 14
8802 10
8803 7
8804 7
8805 15
8806 7
8807 10
8808 14
8809 3
8810 11
8811 15
8812 9
8813 8
8814 11
8815 3
8816 7
8817 6
8818 13
8819 14
8820 6
8821 10
8822 8
8823 8
8824 9
8825 10
8826 12
8827 11
8828 14
8829 5
8830 9
8831 7
8832 10
8833 9
8834 11
8835 5
8836 10
8837 9
8838 11
8839 8
8840 13
8841 12
8842 10
8843 9
8844 7
8845 13
8846 7
8847 9
8848 14
8849 11
8850 8
8851 6
8852 6
8853 10
8854 14
8855 7
8856 8
8857 7
8858 9
8859 7
8860 7
8861 8
8862 7
8863 7
8864 3
8865 10
8866 12
8867 8
8868 17
8869 12
8870 13
8871 11
8872 7
8873 11
8874 11
8875 5
8876 17
8877 11
8878 11
8879 13
8880 8
8881 9
8882 17
8883 3
8884 9
8885 14
8886 12
8887 10
8888 10
8889 8
8890 13
8891 10
8892 6
8893 14
8894 10
8895 11
8896 10
8897 9
8898 7
8899 5
8900 10
8901 7
8902 4
8903 13
8904 8
8905 9
8906 11
8907 10
8908 10
8909 11
8910 10
8911 9
8912 16
8913 7
8914 13
8915 5
8916 2
8917 13
8918 12
8919 16
8920 9
8921 3
8922 14
8923 6
8924 7
8925 11
8926 8
8927 5
8928 10
8929 11
8930 13
8931 5
8932 4
8933 7
8934 6
8935 16
8936 12
8937 11
8938 18
8939 8
8940 16
8941 15
8942 5
8943 11
8944 10
8945 15
8946 12
8947 7
8948 14
8949 11
8950 9
8951 12
8952 7
8953 13
8954 14
8955 11
8956 17
8957 12
8958 8
8959 8
8960 11
8961 14
8962 9
8963 11
8964 17
8965 12
8966 11
8967 8
8968 10
8969 10
8970 10
8971 15
8972 12
8973 9
8974 9
8975 9
8976 8
8977 8
8978 9
8979 9
8980 11
8981 9
8982 9
8983 20
8984 6
8985 9
8986 10
8987 7
8988 13
8989 13
8990 10
8991 12
8992 14
8993 13
8994 4
8995 6
8996 9
8997 3
8998 6
8999 10
9000 15
9001 9
9002 12
9003 7
9004 10
9005 11
9006 7
9007 10
9008 16
9009 16
9010 11
9011 6
9012 6
9013 14
9014 8
9015 11
9016 6
9017 8
9018 8
9019 4
9020 13
9021 10
9022 6
9023 10
9024 8
9025 15
9026 12
9027 9
9028 7
9029 7
9030 6
9031 8
9032 5
9033 8
9034 7
9035 10
9036 7
9037 3
9038 8
9039 15
9040 11
9041 9
9042 7
9043 11
9044 9
9045 9
9046 12
9047 9
9048 11
9049 11
9050 13
9051 9
9052 14
9053 9
9054 8
9055 9
9056 7
9057 9
9058 8
9059 13
9060 7
9061 8
9062 10
9063 12
9064 12
9065 11
9066 6
9067 11
9068 7
9069 14
9070 11
9071 6
9072 15
9073 5
9074 10
9075 5
9076 16
9077 9
9078 7
9079 8
9080 5
9081 12
9082 13
9083 12
9084 12
9085 9
9086 12
9087 8
9088 6
9089 7
9090 10
9091 11
9092 12
9093 10
9094 10
9095 16
9096 9
9097 11
9098 18
9099 14
9100 12
9101 13
9102 12
9103 12
9104 12
9105 6
9106 15
9107 10
9108 10
9109 12
9110 27
9111 10
9112 12
9113 9
9114 7
9115 5
9116 6
9117 7
9118 9
9119 12
9120 8
9121 6
9122 9
9123 11
9124 7
9125 15
9126 11
9127 5
9128 8
9129 9
9130 5
9131 11
9132 10
9133 8
9134 11
9135 7
9136 6
9137 14
9138 9
9139 10
9140 6
9141 11
9142 17
9143 10
9144 9
9145 8
9146 9
9147 10
9148 14
9149 11
9150 11
9151 4
9152 10
9153 14
9154 9
9155 8
9156 9
9157 5
9158 7
9159 7
9160 9
9161 7
9162 6
9163 5
9164 8
9165 6
9166 5
9167 9
9168 12
9169 11
9170 7
9171 12
9172 8
9173 13
9174 8
9175 15
9176 13
9177 14
9178 6
9179 12
9180 4
9181 11
9182 6
9183 9
9184 10
9185 8
9186 7
9187 9
9188 10
9189 11
9190 9
9191 12
9192 12
9193 11
9194 9
9195 11
9196 8
9197 11
9198 11
9199 8
9200 4
9201 3
9202 15
9203 7
9204 9
9205 7
9206 6
9207 6
9208 9
9209 7
9210 9
9211 9
9212 4
9213 8
9214 10
9215 13
9216 6
9217 5
9218 10
9219 5
9220 10
9221 13
9222 5
9223 9
9224 8
9225 9
9226 5
9227 13
9228 7
9229 2
9230 9
9231 15
9232 14
9233 10
9234 16
9235 9
9236 8
9237 8
9238 10
9239 8
9240 8
9241 7
9242 10
9243 5
9244 17
9245 7
9246 7
9247 10
9248 4
9249 7
9250 17
9251 5
9252 9
9253 10
9254 9
9255 7
9256 7
9257 8
9258 8
9259 14
9260 9
9261 11
9262 9
9263 16
9264 10
9265 5
9266 14
9267 13
9268 5
9269 9
9270 9
9271 14
9272 18
9273 13
9274 6
9275 8
9276 6
9277 10
9278 10
9279 13
9280 11
9281 9
9282 20
9283 10
9284 11
9285 9
9286 8
9287 15
9288 11
9289 21
9290 7
9291 8
9292 10
9293 8
9294 10
9295 6
9296 11
9297 14
9298 3
9299 8
9300 13
9301 15
9302 9
9303 12
9304 6
9305 12
9306 11
9307 8
9308 8
9309 19
9310 11
9311 13
9312 15
9313 10
9314 13
9315 9
9316 14
9317 9
9318 7
9319 10
9320 8
9321 11
9322 9
9323 7
9324 7
9325 4
9326 7
9327 8
9328 10
9329 9
9330 8
9331 9
9332 13
9333 7
9334 8
9335 8
9336 12
9337 9
9338 6
9339 8
9340 15
9341 7
9342 9
9343 9
9344 9
9345 9
9346 7
9347 9
9348 8
9349 11
9350 9
9351 10
9352 4
9353 15
9354 7
9355 8
9356 11
9357 5
9358 12
9359 9
9360 10
9361 12
9362 7
9363 13
9364 8
9365 10
9366 6
9367 12
9368 6
9369 15
9370 9
9371 10
9372 10
9373 10
9374 4
9375 14
9376 14
9377 10
9378 9
9379 12
9380 15
9381 12
9382 9
9383 9
9384 6
9385 8
9386 13
9387 7
9388 2
9389 15
9390 10
9391 12
9392 10
9393 8
9394 8
9395 10
9396 8
9397 9
9398 6
9399 10
9400 7
9401 12
9402 8
9403 15
9404 12
9405 10
9406 9
9407 7
9408 8
9409 11
9410 10
9411 9
9412 9
9413 11
9414 8
9415 7
9416 10
9417 4
9418 11
9419 12
9420 13
9421 7
9422 12
9423 13
9424 13
9425 11
9426 8
9427 9
9428 7
9429 11
9430 9
9431 9
9432 14
9433 12
9434 11
9435 5
9436 11
9437 11
9438 19
9439 11
9440 15
9441 9
9442 9
9443 12
9444 17
9445 13
9446 11
9447 6
9448 8
9449 11
9450 12
9451 7
9452 8
9453 10
9454 10
9455 15
9456 12
9457 13
9458 10
9459 13
9460 12
9461 7
9462 6
9463 7
9464 10
9465 10
9466 16
9467 5
9468 8
9469 14
9470 11
9471 10
9472 6
9473 5
9474 11
9475 10
9476 6
9477 4
9478 11
9479 15
9480 8
9481 13
9482 4
9483 8
9484 7
9485 5
9486 7
9487 13
9488 15
9489 19
9490 12
9491 10
9492 9
9493 5
9494 8
9495 11
9496 11
9497 7
9498 12
9499 6
9500 8
9501 9
9502 11
9503 13
9504 9
9505 6
9506 5
9507 8
9508 12
9509 9
9510 14
9511 8
9512 16
9513 6
9514 8
9515 8
9516 5
9517 17
9518 10
9519 9
9520 12
9521 11
9522 9
9523 11
9524 8
9525 8
9526 6
9527 16
9528 7
9529 9
9530 15
9531 10
9532 11
9533 10
9534 10
9535 14
9536 7
9537 10
9538 11
9539 17
9540 7
9541 3
9542 9
9543 11
9544 10
9545 9
9546 14
9547 7
9548 16
9549 11
9550 8
9551 10
9552 6
9553 15
9554 15
9555 11
9556 10
9557 5
9558 4
9559 8
9560 5
9561 10
9562 14
9563 12
9564 7
9565 8
9566 9
9567 7
9568 10
9569 10
9570 8
9571 9
9572 15
9573 7
9574 12
9575 9
9576 7
9577 9
9578 14
9579 5
9580 14
9581 4
9582 8
9583 10
9584 9
9585 13
9586 9
9587 6
9588 9
9589 10
9590 10
9591 7
9592 10
9593 6
9594 7
9595 8
9596 10
9597 10
9598 11
9599 6
9600 9
9601 9
9602 8
9603 9
9604 4
9605 8
9606 7
9607 9
9608 7
9609 11
9610 6
9611 4
9612 6
9613 10
9614 5
9615 9
9616 13
9617 2
9618 11
9619 4
9620 7
9621 8
9622 6
9623 7
9624 13
9625 7
9626 7
9627 9
9628 7
9629 10
9630 13
9631 9
9632 10
9633 9
9634 14
9635 13
9636 9
9637 9
9638 6
9639 5
9640 9
9641 6
9642 11
9643 13
9644 11
9645 6
9646 13
9647 9
9648 10
9649 8
9650 9
9651 9
9652 5
9653 7
9654 10
9655 2
9656 9
9657 10
9658 6
9659 8
9660 11
9661 6
9662 5
9663 11
9664 13
9665 4
9666 9
9667 12
9668 9
9669 11
9670 11
9671 6
9672 8
9673 13
9674 8
9675 10
9676 7
9677 8
9678 7
9679 6
9680 7
9681 7
9682 15
9683 15
9684 9
9685 11
9686 7
9687 9
9688 14
9689 11
9690 16
9691 9
9692 8
9693 6
9694 8
9695 6
9696 9
9697 10
9698 8
9699 9
9700 8
9701 13
9702 8
9703 14
9704 8
9705 10
9706 14
9707 11
9708 16
9709 11
9710 15
9711 8
9712 9
9713 3
9714 5
9715 10
9716 10
9717 7
9718 11
9719 13
9720 16
9721 8
9722 15
9723 11
9724 8
9725 10
9726 10
9727 8
9728 11
9729 12
9730 11
9731 11
9732 5
9733 8
9734 8
9735 9
9736 10
9737 10
9738 13
9739 12
9740 8
9741 6
9742 6
9743 2
9744 6
9745 11
9746 11
9747 5
9748 5
9749 14
9750 9
9751 7
9752 9
9753 6
9754 8
9755 7
9756 13
9757 8
9758 7
9759 12
9760 11
9761 10
9762 10
9763 8
9764 6
9765 9
9766 6
9767 4
9768 8
9769 12
9770 6
9771 8
9772 11
9773 15
9774 13
9775 9
9776 7
9777 9
9778 7
9779 9
9780 9
9781 13
9782 7
9783 7
9784 10
9785 9
9786 15
9787 4
9788 4
9789 14
9790 7
9791 7
9792 9
9793 10
9794 8
9795 9
9796 5
9797 6
9798 8
9799 7
9800 12
9801 4
9802 6
9803 12
9804 11
9805 4
9806 5
9807 5
9808 7
9809 9
9810 6
9811 10
9812 14
9813 3
9814 13
9815 8
9816 9
9817 6
9818 13
9819 11
9820 10
9821 9
9822 9
9823 9
9824 8
9825 12
9826 13
9827 8
9828 15
9829 9
9830 11
9831 12
9832 7
9833 12
9834 11
9835 5
9836 10
9837 12
9838 10
9839 11
9840 5
9841 9
9842 6
9843 5
9844 16
9845 10
9846 11
9847 14
9848 10
9849 6
9850 9
9851 10
9852 12
9853 8
9854 8
9855 8
9856 19
9857 6
9858 14
9859 9
9860 7
9861 6
9862 8
9863 11
9864 13
9865 8
9866 7
9867 13
9868 6
9869 8
9870 6
9871 8
9872 5
9873 3
9874 11
9875 11
9876 8
9877 15
9878 8
9879 11
9880 7
9881 16
9882 12
9883 11
9884 10
9885 4
9886 10
9887 12
9888 5
9889 8
9890 10
9891 4
9892 10
9893 10
9894 15
9895 11
9896 11
9897 6
9898 9
9899 7
9900 4
9901 10
9902 8
9903 6
9904 12
9905 15
9906 11
9907 10
9908 8
9909 13
9910 8
9911 9
9912 8
9913 9
9914 6
9915 10
9916 12
9917 11
9918 7
9919 11
9920 10
9921 12
9922 11
9923 11
9924 4
9925 4
9926 6
9927 12
9928 14
9929 3
9930 9
9931 7
9932 11
9933 8
9934 3
9935 7
9936 9
9937 7
9938 6
9939 4
9940 14
9941 7
9942 8
9943 7
9944 8
9945 9
9946 9
9947 6
9948 11
9949 3
9950 8
9951 9
9952 5
9953 5
9954 6
9955 6
9956 10
9957 11
9958 11
9959 3
9960 7
9961 2
9962 10
9963 11
9964 8
9965 9
9966 9
9967 10
9968 9
9969 11
9970 6
9971 10
9972 5
9973 12
9974 6
9975 9
9976 10
9977 5
9978 10
9979 10
9980 6
9981 8
9982 13
9983 13
9984 14
9985 10
9986 13
9987 8
9988 10
9989 11
9990 7
9991 13
9992 6
9993 11
9994 11
9995 8
9996 6
9997 7
9998 8
9999 10
10000 8
10001 66003
